0 1
2 1
3 1
4 1
5 1
6 1
7 1
8 1
9 7
10 7
11 7
12 7
13 7
14 7
15 7
16 7
17 7
18 16
19 16
12 16
7 16
20 16
21 16
22 16
23 16
24 16
25 16
26 16
27 26
28 26
29 26
30 26
31 26
32 26
33 26
34 26
35 26
36 26
37 26
38 26
39 26
40 26
41 26
42 26
43 26
44 26
45 26
46 26
47 26
48 26
49 26
50 49
51 49
52 49
26 49
53 52
50 52
54 52
49 52
52 54
50 54
53 54
55 53
56 53
19 53
12 53
57 53
58 53
59 53
60 53
61 53
50 53
52 53
62 53
54 53
63 62
12 62
64 62
65 62
66 62
67 62
68 62
69 62
70 62
71 62
72 62
73 62
74 62
75 62
76 62
77 76
78 76
72 76
79 76
80 76
81 76
82 76
83 76
84 83
85 83
86 85
87 85
88 85
83 85
89 85
90 85
91 85
92 91
93 91
94 91
95 91
96 91
97 91
98 91
99 98
12 98
100 98
101 98
102 98
103 98
104 98
105 98
61 98
106 98
107 98
108 98
109 98
110 98
111 98
20 98
112 98
113 98
114 98
115 98
116 98
117 98
118 98
119 98
120 98
121 98
122 98
123 98
124 98
125 98
126 98
127 98
128 98
129 98
95 98
130 98
131 98
132 98
133 98
134 98
135 98
136 135
137 135
138 135
139 135
140 135
141 135
93 135
142 135
98 135
143 135
144 135
145 135
146 135
147 135
148 135
149 148
150 148
151 148
147 148
152 148
153 148
154 148
155 148
156 148
157 148
158 148
159 148
160 148
161 148
162 148
163 148
164 148
165 148
166 148
167 148
168 148
169 148
170 148
171 148
172 148
173 148
174 148
175 148
176 148
177 148
178 148
179 148
180 148
181 148
182 148
183 148
184 148
185 148
186 148
187 148
188 148
189 148
190 148
191 148
192 148
193 148
194 148
195 148
196 148
137 148
197 148
198 148
199 148
200 148
201 148
202 148
203 148
204 148
205 148
138 148
206 148
207 148
135 148
142 148
208 148
145 148
135 145
137 145
209 137
151 137
148 137
210 137
164 137
211 137
136 137
135 137
204 137
212 137
213 137
138 137
214 137
215 137
216 137
140 137
142 137
217 137
218 137
145 137
219 137
220 137
221 220
222 220
223 220
224 220
225 220
226 220
227 220
228 220
229 220
230 220
231 220
232 220
233 220
136 220
137 220
234 136
235 136
137 136
135 136
236 235
237 235
238 235
239 235
240 235
136 235
241 235
242 235
243 235
244 243
245 243
235 243
246 243
247 243
248 243
249 243
250 243
251 243
243 251
243 250
252 249
253 249
243 249
245 249
246 249
245 246
244 246
254 246
248 246
249 246
254 248
255 248
256 248
257 248
256 257
258 256
248 256
257 256
255 256
259 255
260 255
254 255
259 255
248 255
261 255
262 255
204 255
263 255
264 255
265 255
138 255
266 255
256 255
143 255
267 255
257 255
143 267
268 267
269 267
270 267
271 267
272 267
273 267
124 267
274 124
275 124
276 124
277 124
184 124
278 124
279 124
280 124
281 124
282 124
283 124
284 124
285 124
286 124
143 124
98 124
287 124
288 124
289 124
290 124
291 124
292 124
186 124
132 124
293 124
294 124
295 124
296 124
297 124
298 124
299 124
97 124
216 124
300 124
301 124
302 124
303 124
304 124
305 124
306 124
93 124
307 124
308 124
122 124
309 124
267 124
310 309
311 309
97 309
312 309
313 309
298 309
314 309
315 309
316 309
317 309
318 309
319 309
320 309
321 309
322 309
280 309
323 309
324 309
325 309
326 309
327 309
328 309
132 309
302 309
182 309
329 309
330 309
331 309
332 309
333 309
334 309
335 309
336 309
337 309
338 309
339 309
124 309
340 309
341 340
342 340
343 340
344 340
345 340
346 340
347 340
348 340
349 340
350 340
351 340
352 340
182 340
98 340
125 340
353 340
354 340
280 340
325 340
97 340
93 340
303 340
124 340
355 303
124 303
356 355
357 355
280 355
358 355
359 355
360 355
281 355
303 355
361 355
362 361
363 361
364 361
365 361
366 361
367 361
368 361
369 361
370 361
371 361
372 361
373 361
374 361
375 361
376 361
377 361
378 361
379 361
380 361
381 361
382 361
383 361
384 361
385 361
386 361
387 361
388 361
389 361
357 361
355 361
390 361
391 361
360 361
392 361
393 361
230 361
283 361
276 283
124 283
194 283
394 283
308 283
139 308
395 308
396 308
283 308
397 308
124 308
308 397
29 396
398 396
399 396
400 396
401 396
402 396
403 396
404 396
405 396
308 396
396 405
406 404
407 404
408 404
409 404
410 404
411 404
412 404
413 404
414 404
408 414
415 414
416 414
417 414
418 414
414 418
419 418
420 418
421 420
422 420
418 420
423 422
424 422
425 422
158 422
426 422
427 422
428 422
420 422
429 422
422 429
430 429
431 429
432 429
433 432
434 432
435 432
436 432
437 432
438 432
439 432
440 432
441 432
442 432
443 432
444 432
445 432
446 432
447 432
448 432
431 432
449 432
429 432
450 432
448 431
451 431
452 431
453 431
454 431
455 431
432 431
456 431
429 431
457 431
458 457
459 457
460 457
461 457
462 457
431 457
461 462
463 461
464 461
457 461
465 461
462 461
466 461
467 461
468 461
469 461
470 461
471 461
15 471
472 471
473 471
474 471
475 471
46 471
476 46
162 46
477 46
478 46
479 46
480 46
481 46
482 46
483 46
484 46
485 46
95 46
45 46
486 46
487 46
488 46
134 46
489 46
490 46
491 46
492 46
493 46
494 46
495 46
496 46
497 46
498 46
499 46
500 46
501 46
15 46
502 46
503 46
504 46
505 46
506 46
507 46
508 46
509 46
510 46
511 46
512 46
513 46
514 46
515 46
516 46
517 46
518 46
519 46
520 46
521 46
522 46
523 46
307 46
524 46
525 46
526 46
527 46
528 46
158 46
529 46
530 46
531 46
532 46
533 46
534 46
535 46
536 46
537 46
538 46
539 46
540 46
541 46
542 46
543 46
544 46
545 46
546 46
547 46
548 46
549 46
550 46
551 46
552 46
553 46
554 46
555 46
556 46
557 46
558 46
559 46
560 46
561 46
562 46
563 46
564 46
565 46
566 46
567 46
411 567
46 567
568 567
130 567
507 567
569 567
20 567
570 567
95 567
571 567
572 567
573 567
574 567
575 567
576 575
577 575
578 575
579 575
580 575
581 575
582 575
583 575
584 575
585 575
586 575
587 575
588 575
589 575
590 575
591 575
592 575
593 575
594 575
595 575
596 575
597 575
598 575
599 575
600 575
601 575
602 575
603 575
604 575
605 575
606 575
607 575
608 575
609 575
610 575
611 575
612 575
613 575
614 575
130 575
95 575
615 575
616 575
617 575
618 575
619 575
620 575
621 575
622 575
623 575
624 575
625 575
626 575
627 575
628 575
629 575
497 575
630 575
631 575
632 575
633 575
634 575
635 575
636 575
637 575
638 575
639 575
640 575
641 575
642 575
643 575
644 575
645 575
646 575
647 575
648 575
649 575
650 575
651 575
652 575
653 575
46 575
654 575
655 575
656 575
657 575
658 575
659 575
660 575
661 575
662 575
663 575
664 575
665 575
666 575
667 575
668 575
669 575
670 575
671 670
672 670
673 670
674 670
675 670
676 670
677 670
678 670
679 670
680 670
681 670
682 670
683 670
684 670
685 670
686 670
687 670
688 670
689 670
690 670
691 670
692 670
693 670
694 670
695 670
696 670
697 696
698 696
699 696
700 696
701 696
702 696
703 696
704 696
705 696
706 696
707 696
708 696
709 696
710 696
711 696
712 696
713 696
714 696
715 696
716 696
717 696
718 696
719 696
720 718
570 718
721 718
722 718
723 721
724 721
725 721
726 721
727 721
713 721
728 721
729 721
730 721
731 721
718 721
732 721
733 732
734 732
735 732
736 732
737 732
738 732
739 732
740 732
741 732
742 732
743 732
744 732
745 732
746 732
747 732
748 732
749 732
729 732
750 732
751 732
752 732
753 732
754 732
755 732
756 732
725 732
757 732
758 732
759 732
760 732
761 732
762 732
763 732
764 732
765 732
766 732
767 732
768 732
769 732
770 732
721 732
771 770
772 770
773 770
774 770
775 770
776 770
777 770
778 770
779 770
780 770
781 770
782 770
783 770
12 783
784 783
785 783
786 783
787 783
788 783
789 783
790 783
791 783
792 783
778 783
793 783
794 783
795 783
796 783
781 783
780 783
770 783
725 783
797 783
798 783
799 783
800 799
801 799
802 799
803 799
804 799
805 799
575 799
806 805
802 805
799 805
807 802
808 802
809 802
799 802
810 802
811 802
806 802
812 802
805 802
813 812
814 812
815 812
816 812
817 812
818 812
819 812
820 812
821 812
12 812
806 812
822 812
823 812
824 812
825 812
826 812
827 812
828 812
829 812
830 812
831 812
832 812
833 812
799 812
834 812
835 812
836 812
837 812
838 812
839 812
802 812
840 812
841 812
842 839
843 839
844 839
845 839
846 839
847 839
61 839
848 839
849 839
850 839
851 839
852 839
853 839
854 839
855 839
754 839
856 839
857 839
858 839
859 839
860 839
861 839
862 839
863 839
864 839
865 839
866 839
867 839
868 839
869 839
870 839
848 870
871 870
872 870
873 870
874 870
875 870
876 870
877 870
878 870
879 870
880 870
839 870
881 870
870 881
878 881
876 881
878 876
882 876
870 876
881 876
876 882
876 878
883 878
870 878
881 878
884 883
878 883
876 883
883 884
876 878
883 878
870 878
881 878
885 880
886 880
887 880
848 880
839 880
855 880
888 880
889 880
873 880
890 880
891 880
892 880
842 880
893 880
894 880
895 880
896 880
897 880
898 880
899 880
843 880
900 880
901 880
902 880
903 880
904 880
905 880
906 880
851 880
907 880
908 880
909 880
910 880
911 880
912 880
913 880
914 880
915 880
916 880
917 880
918 880
919 880
920 880
921 880
922 880
923 880
924 880
925 880
926 880
927 880
928 880
929 880
930 880
860 880
853 880
931 880
932 880
933 880
934 880
935 880
936 880
937 880
938 880
864 880
939 880
940 880
941 880
942 880
943 880
944 880
945 880
946 880
947 880
948 880
949 880
950 880
951 880
952 880
953 880
954 880
955 880
956 880
957 880
845 880
958 880
959 880
960 880
961 880
874 880
962 880
963 880
964 880
965 880
966 880
967 880
968 880
969 880
970 880
971 880
972 970
973 970
974 970
975 970
976 970
977 970
978 970
979 970
980 970
981 970
982 970
983 970
984 970
985 970
986 970
987 970
988 970
989 970
990 970
991 970
992 970
993 970
994 970
948 970
995 970
996 970
997 970
998 970
999 970
1000 970
1001 970
1002 970
1003 970
1004 970
1005 970
1006 970
1007 970
1008 970
1009 970
1010 970
1011 970
1012 970
1013 970
1014 970
1015 970
1016 970
1017 970
1018 970
1019 970
1020 970
1021 970
1022 970
1023 970
1024 970
1025 970
1026 970
908 970
863 970
1027 970
1028 970
1029 970
1030 970
1031 970
1032 970
1033 970
1034 970
1035 970
1036 970
1037 970
1038 970
1039 970
1040 970
1041 970
1042 970
1043 970
1044 970
1045 970
1046 970
1047 970
1048 970
1049 1047
1050 1047
1051 1047
18 1047
1052 1047
12 1047
58 1047
1053 1047
1054 1047
1055 1047
517 1047
1056 1047
1057 1047
1058 1047
1059 1047
12 1059
1060 1059
1061 1059
620 1059
134 1059
505 1059
1062 1059
1063 1062
1064 1062
1065 1062
1066 1062
1067 1062
1068 1062
1069 1062
1070 1062
1071 1062
1072 1062
1073 1062
1074 1062
1075 1062
1076 1062
1077 1062
1078 1062
1078 1062
1079 1062
1080 1062
1081 1062
1082 1062
1083 1062
1084 1062
1085 1062
1086 1062
487 1062
1087 1062
1088 1062
61 1062
365 1062
1089 1062
1090 1062
1091 1062
1092 1062
1093 1062
1094 1062
20 1062
1095 1062
1096 1062
1097 1062
1098 1062
1099 1062
73 1062
1100 1062
158 1062
507 1062
1101 1062
1062 1101
1083 507
1102 507
584 507
1103 507
1104 507
1105 507
158 507
483 507
487 507
1106 507
1090 507
626 507
1107 507
1108 507
1109 507
1110 507
1111 507
1112 507
1113 507
1114 507
1115 507
1116 507
497 507
1117 507
1118 507
1119 507
1120 507
1121 507
1122 507
1123 507
1124 507
1125 507
1126 507
1127 507
1128 507
1129 507
512 507
1130 507
1131 507
1132 507
1133 507
1134 507
1135 507
1136 507
134 507
1137 507
1138 507
1139 507
1140 507
1141 507
484 507
566 507
1142 507
1143 507
166 507
95 507
1144 507
1145 507
643 507
1146 507
1147 507
1148 507
1149 507
1150 507
1151 507
1152 507
1153 507
1154 507
1155 507
535 507
644 507
1156 507
1157 507
1158 507
1159 507
1160 507
646 507
1161 507
1162 507
1163 507
1164 507
1165 507
1166 507
1167 507
1168 507
1064 507
1169 507
555 507
224 507
1170 507
1171 507
1172 507
1173 507
1174 507
1175 507
1176 507
1177 507
45 507
1178 507
1179 1178
1180 1178
1181 1178
1182 1178
1183 1178
1184 1178
1185 1178
1186 1178
1187 1178
1188 1178
1189 1178
1190 1178
1191 1178
1192 1178
1193 1178
507 1178
1194 1178
1195 1178
1196 1178
1197 1178
1198 1178
1199 1178
1200 1178
1201 1178
595 1178
1202 1178
1203 1178
1204 1178
1170 1178
1205 1178
497 1178
1206 1178
1127 1178
1133 1178
1207 1178
1208 1178
1139 1178
1167 1178
1209 1178
1175 1178
1064 1178
1210 1178
1211 1178
1159 1178
1212 1178
1213 1178
1214 1178
1215 1178
1216 1178
1217 1178
1218 1178
512 1178
537 1178
1219 1178
1220 1178
1221 1178
1222 1178
1223 1178
1224 1178
1107 1178
1225 1178
307 1178
158 1178
1056 1178
1226 1178
542 1178
46 1178
529 1178
1227 1178
1228 1178
1229 1178
1230 1178
1231 1178
1232 1178
1233 1178
1234 1178
1235 1178
1236 1178
1237 1178
645 1178
1238 1178
1239 1178
1240 1178
1241 1178
1242 1178
1093 1178
1243 1178
202 1178
1244 1178
1245 1178
130 1178
694 1178
569 1178
1246 1178
1247 1178
1248 1178
20 1178
1249 1178
1250 1178
1251 1250
1252 1250
1114 1250
1253 1250
1041 1250
570 1250
1178 1250
1254 570
1255 570
1256 570
1257 570
645 570
1258 570
1259 570
1260 570
1261 570
1262 570
1083 570
1263 570
595 570
1264 570
1265 570
1266 570
1267 570
605 570
1268 570
1058 570
95 570
1269 570
1270 570
1271 570
1272 570
535 570
1273 570
1274 570
1275 570
1276 570
1277 570
643 570
45 570
1278 570
596 570
1139 570
1279 570
1280 570
1134 570
1220 570
1281 570
556 570
1282 570
507 570
1283 570
1284 570
1285 570
1286 570
497 570
499 570
1240 570
1287 570
1288 570
644 570
1289 570
1290 570
1213 570
1163 570
1166 570
646 570
1291 570
1292 570
1104 570
1236 570
1293 570
1294 570
1295 570
1296 570
1297 570
1298 570
1299 570
1300 570
1203 570
1301 570
1302 570
1303 570
1304 570
1305 570
1306 570
1307 570
1308 570
1309 570
1310 570
1311 570
1312 570
582 570
1178 570
1313 570
1314 570
1315 570
1316 570
1317 570
1318 570
130 570
1319 570
1320 570
1321 570
483 570
1322 570
1323 1322
1324 1322
794 1322
12 1322
19 1322
1325 1322
1326 1322
1327 1322
1328 1322
1068 1322
1329 1322
1330 1322
1331 1322
1332 1322
1333 1322
1334 1322
487 1322
61 1322
1335 1322
365 1322
1111 1322
1089 1322
1336 1322
366 1322
503 1322
1091 1322
1337 1322
1338 1322
1339 1322
1340 1322
1341 1322
1342 1322
1343 1322
1092 1322
1344 1322
20 1322
531 1322
1345 1322
1346 1322
1347 1322
1283 1322
1348 1322
1127 1322
1349 1322
1350 1322
1351 1322
535 1322
1352 1322
1353 1322
1354 1322
1355 1322
551 1322
1356 1322
1357 1322
1358 1322
1096 1322
1359 1322
1360 1322
1097 1322
1361 1322
1362 1322
1363 1322
156 1322
158 1322
162 1322
1364 1322
1365 1322
1366 1322
166 1322
1367 1322
507 1322
497 1322
1368 1322
1369 1322
130 1322
569 1322
694 1322
1246 1322
663 1322
570 1322
46 1322
1237 1322
1370 1322
1371 1322
1372 1322
1373 1322
1374 1373
1375 1373
1376 1373
1377 1373
1089 1373
1378 1373
1355 1373
535 1373
20 1373
1379 1373
1380 1373
1381 1373
1382 1373
1383 1373
1384 1373
1385 1373
1322 1373
575 1373
1386 1373
1373 1386
1381 1386
1373 1381
1380 1381
1383 1381
1387 1381
1388 1381
1386 1381
1389 1388
1390 1388
1391 1388
1381 1388
1373 1388
1389 1391
1390 1391
918 1391
1388 1391
1392 1391
1393 1391
1394 1391
1395 1391
1396 1391
1390 1391
1397 1391
1093 1397
1092 1397
20 1397
1398 1397
1399 1397
1400 1397
1401 1397
1402 1397
1403 1397
1404 1397
1393 1397
1394 1397
1405 1397
1406 1397
1407 1397
1408 1406
1397 1406
1407 1406
1406 1408
1409 1408
1410 1409
1411 1409
1412 1409
1413 1409
1408 1409
1409 1413
1414 1413
1413 1414
1415 1414
1416 1414
1417 1414
1418 1414
1419 1414
1420 1414
1421 1414
1422 1414
1423 1414
1389 1423
1414 1423
1421 1423
1422 1423
1424 1423
1425 1422
1426 1422
1427 1422
1428 1422
1429 1422
1421 1422
1430 1422
1431 1422
1414 1422
1423 1422
1425 1431
1426 1431
1421 1431
1426 1421
1425 1421
1422 1421
1430 1421
1432 1421
1427 1421
1414 1421
1423 1421
1429 1427
1433 1427
1428 1427
1422 1427
1419 1427
1434 1427
1435 1427
1421 1427
1425 1427
1426 1425
1436 1425
1437 1425
1422 1425
1421 1425
1432 1425
1430 1425
1421 1430
1422 1430
1425 1430
1426 1430
1438 1430
1439 1438
1440 1438
1441 1438
1430 1438
1442 1441
1443 1441
1444 1441
1445 1441
1438 1441
1446 1441
1447 1441
1448 1441
1449 1441
1450 1448
1451 1448
19 1448
1051 1448
1452 1448
12 1448
1453 1448
1454 1448
1455 1448
1456 1448
1064 1448
1457 1448
1458 1448
1326 1448
1459 1448
1460 1448
1461 1448
1068 1448
1462 1448
1463 1448
1464 1448
1465 1448
1466 1448
1467 1448
899 1448
1468 1448
1469 1448
1329 1448
1470 1448
1083 1448
1471 1448
1472 1448
1087 1448
487 1448
61 1448
365 1448
1111 1448
1473 1448
1474 1448
1475 1448
1091 1448
1338 1448
1476 1448
1339 1448
1477 1448
1478 1448
1479 1448
484 1448
1480 1448
1093 1448
1092 1448
531 1448
1352 1448
1481 1448
1482 1448
1355 1448
20 1448
1356 1448
1483 1448
1097 1448
1484 1448
1485 1448
1486 1448
1487 1448
158 1448
1488 1448
1489 1448
1490 1448
1491 1448
1492 1448
1493 1448
1494 1448
1495 1448
1496 1448
1497 1448
1498 1448
411 1448
1234 1448
300 1448
1499 1448
130 1448
46 1448
1500 1448
570 1448
1501 1448
1502 1448
1503 1448
1504 1448
1505 1448
1506 1448
1057 1448
1507 1057
1508 1057
1509 1057
1510 1057
1511 1057
1512 1057
1513 1057
1514 1057
1515 1057
1516 1057
1087 1057
1517 1057
487 1057
1518 1057
365 1057
1111 1057
14 1057
1068 1057
1519 1057
1520 1057
1090 1057
1521 1057
1522 1057
1091 1057
1523 1057
1524 1057
95 1057
1525 1057
1024 1057
1526 1057
554 1057
1527 1057
1528 1057
1092 1057
20 1057
1529 1057
1530 1057
1531 1057
1532 1057
1355 1057
1533 1057
1534 1057
1535 1057
551 1057
1536 1057
1537 1057
1356 1057
1538 1057
1539 1057
1288 1057
1540 1057
1541 1057
1542 1057
1543 1057
1454 1057
1544 1057
1545 1057
158 1057
1546 1057
156 1057
162 1057
1547 1057
1548 1057
1549 1057
1550 1057
1551 1057
1552 1057
1553 1057
1554 1057
1555 1057
1556 1057
1094 1057
1557 1057
1558 1057
1559 1057
1560 1057
1561 1057
1562 1057
1563 1057
1564 1057
1565 1057
1566 1057
1567 1057
1568 1057
1114 1057
1569 1057
497 1057
1570 1057
1571 1057
1572 1057
1573 1057
1574 1057
1575 1057
1576 1057
1577 1057
1578 1057
411 1057
1214 1057
1579 1057
1057 1579
1234 1579
1580 1579
1581 1579
1582 1580
1583 1582
1580 1582
1584 1582
1585 1584
1586 1584
1587 1584
1588 1584
1589 1584
1590 1584
1591 1584
1592 1584
1593 1584
1594 1584
1595 1584
1596 1584
1597 1584
1598 1584
1599 1584
1600 1584
1601 1584
1602 1584
1603 1584
1604 1584
1605 1584
1606 1584
1607 1584
1608 1584
1609 1584
1610 1584
1611 1584
1612 1584
1613 1584
1590 1584
1614 1584
1615 1584
1616 1584
1617 1584
1618 1584
1582 1584
1619 1618
1620 1618
1621 1618
1606 1618
1622 1618
1602 1618
1623 1618
1587 1618
1601 1618
1586 1618
1615 1618
1608 1618
1595 1618
1599 1595
1619 1595
1587 1595
1605 1595
1624 1595
1596 1595
1588 1595
1611 1595
1625 1595
1584 1595
1601 1595
1626 1595
1615 1595
1612 1595
1594 1595
1608 1595
1598 1595
1606 1595
1621 1595
1607 1595
1618 1595
1627 1607
1613 1607
1588 1607
1587 1607
1586 1607
1606 1607
1591 1607
1610 1607
1608 1607
1619 1607
1584 1607
1590 1607
1603 1607
1628 1607
1629 1607
1630 1607
1631 1607
1632 1607
1601 1607
1598 1607
1621 1607
1600 1607
1633 1607
1634 1607
1596 1607
1635 1607
1636 1607
1637 1607
1616 1607
1611 1607
1595 1607
58 1607
1638 1607
1639 1607
1640 1607
1641 1607
1612 1607
20 1607
1594 1607
1590 1607
1605 1607
1642 1607
1643 1607
1644 1607
1645 1607
1646 1607
1647 1607
1597 1607
1648 1607
1649 1607
1650 1607
1651 1607
1652 1607
1653 1607
563 1607
587 1607
1654 1607
1655 1607
1656 1607
1615 1607
1657 1607
1658 1607
1659 1607
1041 1607
1660 1607
1661 1607
1662 1607
1663 1607
1664 1607
1665 1607
1666 1607
1618 1607
1667 1607
1668 1607
1669 1607
1670 1607
1671 1607
1672 1607
1673 1607
1674 1607
1675 1607
1676 1607
1677 1607
1678 1607
1679 1607
1680 1607
1681 1680
19 1680
18 1680
12 1680
1682 1680
1683 1680
1096 1680
1684 1680
1685 1680
1686 1680
1687 1680
1688 1680
1689 1680
1690 1680
1691 1680
1692 1680
1693 1680
1694 1680
1695 1680
1696 1680
1697 1680
1698 1680
1699 1680
1700 1680
1701 1680
1702 1680
1703 1680
1704 1680
1705 1704
1706 1704
1707 1704
1708 1704
1709 1704
1710 1704
1711 1704
1593 1704
1712 1704
1695 1704
1713 1704
1714 1704
1715 1704
1680 1704
1687 1704
1716 1687
1690 1687
1717 1687
1718 1687
1719 1687
1720 1687
1721 1687
1722 1687
1723 1687
1724 1687
1725 1687
1726 1687
1727 1687
1693 1687
1728 1687
1698 1687
1680 1698
1729 1698
1687 1698
1730 1698
1680 1730
1698 1730
1731 1729
1732 1729
1733 1729
1734 1729
1735 1729
1698 1729
1736 1735
1733 1735
1729 1735
1737 1735
1738 1735
1725 1735
1704 1735
1739 1735
1740 1739
1741 1739
1742 1739
1743 1739
1744 1739
1745 1739
1746 1739
1747 1746
1748 1747
1749 1747
1746 1747
1750 1747
1751 1750
1747 1750
1752 1750
1753 1750
1754 1753
1755 1753
1756 1753
1757 1753
1750 1753
1758 1753
1759 1753
1760 1759
1761 1759
1762 1759
1754 1759
1753 1759
1763 1759
1764 1759
1765 1764
1766 1764
1767 1764
1768 1764
1769 1764
535 1764
1770 1764
1771 1770
1767 1770
1764 1770
1764 1767
1770 1767
1770 1771
1767 1771
1764 1771
1772 535
1773 535
1774 535
1775 535
1776 535
1777 535
1778 535
1779 535
1780 535
1468 535
1781 535
1782 535
1783 535
1329 535
1784 535
1785 535
1786 535
1787 535
1788 535
1083 535
1789 535
1790 535
1791 535
1792 535
1793 535
61 535
365 535
1794 535
1795 535
1796 535
1797 535
45 535
1798 535
1799 535
1800 535
1801 535
1802 535
531 535
1349 535
1347 535
1143 535
1803 535
1804 535
1805 535
1006 535
1122 535
1063 535
1806 535
1127 535
156 535
1139 535
1807 535
1283 535
1808 535
1322 535
1124 535
1353 535
1573 535
1809 535
1810 535
1811 535
1068 535
1812 535
1813 535
1814 535
1815 535
1816 535
490 535
1289 535
1817 535
1818 535
1819 535
1820 535
1821 535
1822 535
1823 535
1824 535
1142 535
20 535
1825 535
477 535
1118 535
1826 535
1094 535
1827 535
1828 535
1829 535
1092 535
1830 535
1831 535
1832 535
476 535
654 535
1833 535
1064 535
1834 535
1835 535
1836 535
1456 535
12 1456
1837 1456
1838 1456
1839 1456
1840 1456
1841 1456
1842 1456
1843 1456
1844 1456
794 1456
1845 1456
1846 1456
1847 1456
1848 1456
1849 1456
1106 1456
1850 1456
1851 1456
1852 1456
1853 1456
1854 1456
643 1456
1855 1456
1856 1456
1857 1456
1858 1456
1063 1456
1859 1456
1860 1456
1861 1456
1862 1456
1863 1456
1864 1456
1865 1456
1866 1456
1867 1456
1868 1456
1869 1456
1870 1456
1871 1456
1872 1456
1873 1456
1874 1456
1875 1456
1823 1456
1156 1456
1876 1456
1877 1456
1878 1456
1879 1456
1880 1456
1881 1456
1882 1456
1883 1456
1827 1456
1884 1456
1484 1456
1885 1456
1886 1456
1887 1456
1888 1456
1889 1456
1890 1456
1891 1456
1892 1456
1893 1456
1894 1456
1895 1456
1896 1456
1897 1456
1289 1456
1898 1456
1805 1456
1899 1456
1900 1456
1901 1456
1902 1456
1903 1456
1802 1456
1904 1456
1905 1456
1906 1456
1907 1456
1813 1456
1908 1456
1173 1456
1909 1456
1910 1456
1911 1456
1912 1456
1913 1456
1914 1456
1915 1456
1916 1456
1917 1456
1918 1456
1919 1456
1920 1456
1921 1456
12 1921
1922 1921
1325 1921
1923 1921
1456 1921
365 1921
1111 1921
20 1921
1924 1921
1925 1924
1926 1924
1927 1924
1924 1927
1928 1926
1929 1926
1930 1926
1931 1926
1932 1926
1933 1926
1934 1926
1935 1926
1936 1926
1937 1926
1938 1926
1939 1926
365 1926
1111 1926
1940 1926
1941 1926
1942 1926
820 1926
1943 1926
1944 1926
1945 1926
1946 1926
1947 1926
1948 1926
1949 1926
1950 1926
1951 1926
1952 1926
1953 1926
1954 1926
1955 1926
1956 1926
1528 1926
1957 1926
1068 1926
1065 1926
1958 1926
1342 1926
1959 1926
1960 1926
1961 1926
1962 1926
1963 1926
1964 1926
1965 1926
1966 1926
1967 1926
1968 1926
1969 1926
1970 1926
1971 1926
1972 1926
1092 1926
1973 1926
20 1926
1974 1926
1975 1926
1976 1926
1977 1926
1353 1926
1978 1926
1091 1926
1979 1926
531 1926
554 1926
1980 1926
1981 1926
1349 1926
1982 1926
1983 1926
1984 1926
1985 1926
1986 1926
1987 1926
1094 1926
1988 1926
1989 1926
1990 1926
1991 1926
1992 1926
1993 1926
1994 1926
1995 1926
1996 1926
1997 1926
1998 1926
1999 1926
2000 1926
2001 1926
2002 1926
2003 1926
2004 1926
2005 1926
2006 1926
2007 1926
2008 1926
2009 1926
551 1926
2010 1926
2011 2010
2012 2010
2013 2010
2014 2010
2015 2010
2016 2010
2017 2010
2018 2010
2019 2010
2020 2010
2021 2010
2022 2010
2023 2010
2024 2010
2025 2010
2026 2010
2027 2010
2028 2010
1926 2010
2029 2010
1344 2010
2030 2010
2031 2010
2032 2010
2033 2010
2034 2010
2035 2010
20 2010
2036 2010
2037 2010
1339 2010
1338 2010
73 2010
2038 2010
2039 2010
158 2010
2040 2010
2041 2010
2042 2010
2043 2010
2044 2010
2045 2010
2046 2010
2047 2010
130 2010
2048 130
569 130
2049 130
2050 130
605 130
2051 130
595 130
2052 130
1286 130
2053 130
2054 130
1283 130
1805 130
587 130
1118 130
2055 130
2056 130
1149 130
1144 130
2057 130
2058 130
1166 130
649 130
1213 130
2059 130
2060 130
2061 130
2062 130
518 130
2063 130
2064 130
2065 130
2066 130
2067 130
2068 130
1128 130
2069 130
1083 130
1164 130
580 130
1827 130
2070 130
1129 130
2071 130
1160 130
2072 130
2073 130
45 130
1122 130
1319 130
2074 130
2075 130
2076 130
1163 130
46 130
2077 130
2078 130
1236 130
2079 130
2080 130
626 130
1058 130
661 130
2081 130
1143 130
1203 130
1064 130
1172 130
158 130
2082 130
2083 130
2084 130
2085 130
1240 130
1322 130
1109 130
2086 130
2087 130
1168 130
1299 130
556 130
512 130
2088 130
1173 130
2089 130
2090 130
2091 130
555 130
2092 130
1102 130
584 130
1206 130
1162 130
2093 130
1126 130
2094 130
2095 130
2096 130
181 130
2097 181
130 181
569 181
507 181
20 181
1326 20
1338 20
1087 20
2098 20
1063 20
487 20
1823 20
1825 20
2099 20
1889 20
643 20
1333 20
1822 20
1322 20
2100 20
1215 20
1111 20
2101 20
2102 20
2103 20
1072 20
2104 20
1068 20
1335 20
2105 20
1535 20
2106 20
2107 20
2108 20
1064 20
1517 20
508 20
1334 20
1456 20
2109 20
1685 20
2110 20
1484 20
1518 20
61 20
2111 20
2112 20
2113 20
2114 20
2115 20
12 20
365 20
2116 20
1089 20
2090 20
2117 20
1083 20
2118 20
2071 20
1803 20
2119 20
2120 20
2121 20
1847 20
2122 20
1907 20
2123 20
2124 20
2125 20
1337 20
2126 20
2127 20
536 20
1801 20
366 20
2128 20
45 20
2129 20
1090 20
1067 20
2130 20
2131 20
2132 20
2133 20
2134 20
2135 20
2136 20
2137 20
2138 20
1348 20
2139 20
2140 20
2141 20
2142 20
2143 20
1829 20
2144 20
484 20
2145 20
2146 20
1832 20
2147 20
2148 20
2149 20
2150 2149
2151 2149
365 2149
2152 2149
1337 2149
366 2149
1068 2149
2117 2149
1123 2149
503 2149
1523 2149
1091 2149
2153 2149
1338 2149
487 2149
1339 2149
1836 2149
1354 2149
1092 2149
20 2149
531 2149
1351 2149
1349 2149
1355 2149
551 2149
2154 2149
2155 2149
2156 2149
2157 2149
1362 2149
2158 2149
158 2149
2159 2149
2160 2149
2161 2149
2162 2149
497 2149
507 2149
2163 2149
46 2149
570 2149
131 2149
2164 2149
2165 2149
2166 2149
2167 2166
2150 2166
2168 2166
19 2166
2169 2166
2165 2166
2149 2166
2170 2166
2171 2166
2172 2166
2173 2166
2174 2166
2175 2166
2176 2175
2177 2175
2178 2175
2179 2175
2177 2179
2180 2179
2176 2179
2181 2179
2178 2179
2182 2179
2183 2182
2184 2182
2179 2182
2185 2184
2183 2184
2186 2184
2182 2184
2187 2184
95 2184
2188 95
2189 95
2190 95
2191 95
2192 95
2193 95
2194 95
2195 95
1057 95
1468 95
1526 95
484 95
2196 95
2197 95
2198 95
2199 95
20 95
2200 95
666 95
73 95
2201 95
2202 95
2203 95
2204 95
2205 95
2206 95
2207 95
2208 95
1217 95
2209 95
2210 95
1114 95
2211 95
2212 95
584 95
2213 95
58 95
2214 95
2215 95
2216 95
2217 95
2218 95
533 95
1176 95
2219 95
1119 95
507 95
2220 95
2221 95
2222 95
2223 95
2224 95
2225 95
1344 95
2226 95
2227 95
12 95
2228 95
2229 95
2230 95
2231 95
2232 95
482 95
2233 95
1056 95
2234 95
497 95
2235 95
46 95
2236 95
2237 95
563 95
2238 95
2163 95
2239 95
2240 95
2241 95
2242 95
694 95
1246 95
2243 95
1476 95
2244 95
2245 95
2246 95
130 95
615 95
2247 95
2248 95
2249 95
2250 95
2251 95
2252 95
2253 95
2254 95
2255 95
2256 95
2257 95
587 95
2258 587
2259 587
2260 587
2261 587
2262 587
2263 587
1825 587
2264 587
2265 587
2266 587
2267 587
2268 587
2269 587
2270 587
2271 587
2158 587
2272 587
2273 587
158 587
1876 587
2274 587
2275 587
2276 587
1644 587
503 587
2277 587
2278 587
2279 587
2280 587
2281 587
1349 587
2282 587
58 587
2283 587
2284 587
2285 587
1549 587
2286 587
2287 587
2159 587
162 587
2288 587
2289 587
2290 587
2291 587
2292 587
2293 587
2294 587
2295 587
2296 587
899 587
1718 587
2297 587
2298 587
2299 587
2300 587
2301 587
2302 587
2303 587
166 587
2304 587
1454 587
2305 587
2306 587
2307 587
2308 587
2309 587
2310 587
2311 587
2312 587
533 587
2313 587
2314 587
2315 587
2316 587
2317 587
2318 587
2319 587
2320 587
2321 587
2322 587
2323 587
2324 587
2325 587
507 587
2326 587
2327 587
2328 587
2329 587
2330 587
2331 587
2332 587
2333 587
2334 587
12 587
2335 587
2336 587
2337 587
1213 587
166 1213
2338 1213
1281 1213
2339 1213
2140 1213
2340 1213
487 1213
2341 1213
484 1213
1132 1213
531 1213
1083 1213
1217 1213
158 1213
2342 1213
1121 1213
2343 1213
1454 1213
2127 1213
1114 1213
2344 1213
2056 1213
2345 1213
497 1213
2346 1213
2347 1213
1178 1213
1214 1213
2348 1213
1205 1213
2349 1213
507 1213
2350 1213
2312 1213
2351 1213
529 1213
555 1213
46 1213
1100 1213
1234 1213
1237 1213
1165 1213
2096 1213
2352 1213
2353 1213
2354 1213
2054 1213
2355 1213
2356 1213
1244 1213
533 1213
130 1213
2060 1213
2057 1213
2357 1213
569 1213
2053 1213
2065 1213
1290 1213
694 1213
2063 1213
1246 1213
20 1213
2358 1213
663 1213
2245 1213
2359 1213
2360 1213
2361 1213
570 1213
2068 1213
1041 1213
645 1213
2362 1213
2363 1213
2364 1213
2365 1213
12 1213
2366 1213
2367 1213
2368 1213
2369 1213
95 1213
2370 1213
2371 1213
2372 1213
1674 1213
2373 1213
575 1213
2374 1213
2375 1213
2376 1213
1107 1213
2377 1107
1057 1107
73 1107
2378 1107
2379 1107
2159 1107
2380 1107
158 1107
1175 1107
2381 1107
2339 1107
2382 1107
2383 1107
2384 1107
2067 1107
2385 1107
1114 1107
626 1107
307 1107
2386 1107
1115 1107
2387 1107
1146 1107
535 1107
497 1107
507 1107
2388 1107
1178 1107
2389 1107
1234 1107
645 1107
2390 1107
649 1107
1163 1107
2356 1107
46 1107
365 1107
1093 1107
1244 1107
130 1107
2391 1107
2392 1107
2245 1107
663 1107
570 1107
2393 1107
2394 1107
575 1107
95 1107
573 1107
2395 1107
1370 1107
1371 1107
1213 1107
2375 1107
2396 2375
2397 2375
2398 2375
2399 2375
2400 2375
2401 2375
2402 2375
2403 2375
2404 2375
2405 2375
2406 2375
2407 2375
2408 2375
2409 2375
2410 2375
2411 2375
2412 2375
2413 2375
2414 2375
2415 2375
2416 2375
2417 2375
2418 2375
2419 2375
2420 2375
2421 2375
2422 2375
2423 2375
2424 2375
2425 2375
2426 2375
45 2375
2427 2375
2428 2375
2429 2375
2430 2375
2431 2375
2432 2375
2433 2375
2434 2375
2435 2375
2436 2375
2437 2375
2438 2375
2439 2375
2440 2375
