0 6.214664525068524e-05
2 6.214664525068524e-05
3 6.214664525068524e-05
4 6.214664525068524e-05
5 6.214664525068524e-05
6 6.214664525068524e-05
8 6.214664525068524e-05
9 6.214664525068524e-05
10 6.214664525068524e-05
11 6.214664525068524e-05
12 6.214664525068524e-05
13 6.214664525068524e-05
14 6.214664525068524e-05
15 6.214664525068524e-05
17 6.214664525068524e-05
18 6.214664525068524e-05
19 6.214664525068524e-05
21 6.214664525068524e-05
22 6.214664525068524e-05
23 6.214664525068524e-05
24 6.214664525068524e-05
25 6.214664525068524e-05
27 6.214664525068524e-05
28 6.214664525068524e-05
29 6.214664525068524e-05
30 6.214664525068524e-05
31 6.214664525068524e-05
32 6.214664525068524e-05
33 6.214664525068524e-05
34 6.214664525068524e-05
35 6.214664525068524e-05
36 6.214664525068524e-05
37 6.214664525068524e-05
38 6.214664525068524e-05
39 6.214664525068524e-05
40 6.214664525068524e-05
41 6.214664525068524e-05
42 6.214664525068524e-05
43 6.214664525068524e-05
44 6.214664525068524e-05
45 6.214664525068524e-05
47 6.214664525068524e-05
48 6.214664525068524e-05
50 6.214664525068524e-05
51 6.214664525068524e-05
55 6.214664525068524e-05
56 6.214664525068524e-05
57 6.214664525068524e-05
58 6.214664525068524e-05
59 6.214664525068524e-05
60 6.214664525068524e-05
61 6.214664525068524e-05
63 6.214664525068524e-05
64 6.214664525068524e-05
65 6.214664525068524e-05
66 6.214664525068524e-05
67 6.214664525068524e-05
68 6.214664525068524e-05
69 6.214664525068524e-05
70 6.214664525068524e-05
71 6.214664525068524e-05
72 6.214664525068524e-05
73 6.214664525068524e-05
74 6.214664525068524e-05
75 6.214664525068524e-05
77 6.214664525068524e-05
78 6.214664525068524e-05
79 6.214664525068524e-05
80 6.214664525068524e-05
81 6.214664525068524e-05
82 6.214664525068524e-05
84 6.214664525068524e-05
86 6.214664525068524e-05
87 6.214664525068524e-05
88 6.214664525068524e-05
89 6.214664525068524e-05
90 6.214664525068524e-05
92 6.214664525068524e-05
93 6.214664525068524e-05
94 6.214664525068524e-05
96 6.214664525068524e-05
97 6.214664525068524e-05
99 6.214664525068524e-05
100 6.214664525068524e-05
101 6.214664525068524e-05
102 6.214664525068524e-05
103 6.214664525068524e-05
104 6.214664525068524e-05
105 6.214664525068524e-05
106 6.214664525068524e-05
107 6.214664525068524e-05
108 6.214664525068524e-05
109 6.214664525068524e-05
110 6.214664525068524e-05
111 6.214664525068524e-05
112 6.214664525068524e-05
113 6.214664525068524e-05
114 6.214664525068524e-05
115 6.214664525068524e-05
116 6.214664525068524e-05
117 6.214664525068524e-05
118 6.214664525068524e-05
119 6.214664525068524e-05
120 6.214664525068524e-05
121 6.214664525068524e-05
122 6.214664525068524e-05
123 6.214664525068524e-05
125 6.214664525068524e-05
126 6.214664525068524e-05
127 6.214664525068524e-05
128 6.214664525068524e-05
129 6.214664525068524e-05
131 6.214664525068524e-05
132 6.214664525068524e-05
133 6.214664525068524e-05
134 6.214664525068524e-05
138 6.214664525068524e-05
139 6.214664525068524e-05
140 6.214664525068524e-05
141 6.214664525068524e-05
142 6.214664525068524e-05
143 6.214664525068524e-05
144 6.214664525068524e-05
146 6.214664525068524e-05
147 6.214664525068524e-05
149 6.214664525068524e-05
150 6.214664525068524e-05
151 6.214664525068524e-05
152 6.214664525068524e-05
153 6.214664525068524e-05
154 6.214664525068524e-05
155 6.214664525068524e-05
156 6.214664525068524e-05
157 6.214664525068524e-05
158 6.214664525068524e-05
159 6.214664525068524e-05
160 6.214664525068524e-05
161 6.214664525068524e-05
162 6.214664525068524e-05
163 6.214664525068524e-05
164 6.214664525068524e-05
165 6.214664525068524e-05
166 6.214664525068524e-05
167 6.214664525068524e-05
168 6.214664525068524e-05
169 6.214664525068524e-05
170 6.214664525068524e-05
171 6.214664525068524e-05
172 6.214664525068524e-05
173 6.214664525068524e-05
174 6.214664525068524e-05
175 6.214664525068524e-05
176 6.214664525068524e-05
177 6.214664525068524e-05
178 6.214664525068524e-05
179 6.214664525068524e-05
180 6.214664525068524e-05
182 6.214664525068524e-05
183 6.214664525068524e-05
184 6.214664525068524e-05
185 6.214664525068524e-05
186 6.214664525068524e-05
187 6.214664525068524e-05
188 6.214664525068524e-05
189 6.214664525068524e-05
190 6.214664525068524e-05
191 6.214664525068524e-05
192 6.214664525068524e-05
193 6.214664525068524e-05
194 6.214664525068524e-05
195 6.214664525068524e-05
196 6.214664525068524e-05
197 6.214664525068524e-05
198 6.214664525068524e-05
199 6.214664525068524e-05
200 6.214664525068524e-05
201 6.214664525068524e-05
202 6.214664525068524e-05
203 6.214664525068524e-05
204 6.214664525068524e-05
205 6.214664525068524e-05
206 6.214664525068524e-05
207 6.214664525068524e-05
208 6.214664525068524e-05
209 6.214664525068524e-05
210 6.214664525068524e-05
211 6.214664525068524e-05
212 6.214664525068524e-05
213 6.214664525068524e-05
214 6.214664525068524e-05
215 6.214664525068524e-05
216 6.214664525068524e-05
217 6.214664525068524e-05
218 6.214664525068524e-05
219 6.214664525068524e-05
221 6.214664525068524e-05
222 6.214664525068524e-05
223 6.214664525068524e-05
224 6.214664525068524e-05
225 6.214664525068524e-05
226 6.214664525068524e-05
227 6.214664525068524e-05
228 6.214664525068524e-05
229 6.214664525068524e-05
230 6.214664525068524e-05
231 6.214664525068524e-05
232 6.214664525068524e-05
233 6.214664525068524e-05
234 6.214664525068524e-05
236 6.214664525068524e-05
237 6.214664525068524e-05
238 6.214664525068524e-05
239 6.214664525068524e-05
240 6.214664525068524e-05
241 6.214664525068524e-05
242 6.214664525068524e-05
244 6.214664525068524e-05
245 6.214664525068524e-05
247 6.214664525068524e-05
252 6.214664525068524e-05
253 6.214664525068524e-05
254 6.214664525068524e-05
258 6.214664525068524e-05
259 6.214664525068524e-05
260 6.214664525068524e-05
261 6.214664525068524e-05
262 6.214664525068524e-05
263 6.214664525068524e-05
264 6.214664525068524e-05
265 6.214664525068524e-05
266 6.214664525068524e-05
268 6.214664525068524e-05
269 6.214664525068524e-05
270 6.214664525068524e-05
271 6.214664525068524e-05
272 6.214664525068524e-05
273 6.214664525068524e-05
274 6.214664525068524e-05
275 6.214664525068524e-05
276 6.214664525068524e-05
277 6.214664525068524e-05
278 6.214664525068524e-05
279 6.214664525068524e-05
280 6.214664525068524e-05
281 6.214664525068524e-05
282 6.214664525068524e-05
284 6.214664525068524e-05
285 6.214664525068524e-05
286 6.214664525068524e-05
287 6.214664525068524e-05
288 6.214664525068524e-05
289 6.214664525068524e-05
290 6.214664525068524e-05
291 6.214664525068524e-05
292 6.214664525068524e-05
293 6.214664525068524e-05
294 6.214664525068524e-05
295 6.214664525068524e-05
296 6.214664525068524e-05
297 6.214664525068524e-05
298 6.214664525068524e-05
299 6.214664525068524e-05
300 6.214664525068524e-05
301 6.214664525068524e-05
302 6.214664525068524e-05
304 6.214664525068524e-05
305 6.214664525068524e-05
306 6.214664525068524e-05
307 6.214664525068524e-05
310 6.214664525068524e-05
311 6.214664525068524e-05
312 6.214664525068524e-05
313 6.214664525068524e-05
314 6.214664525068524e-05
315 6.214664525068524e-05
316 6.214664525068524e-05
317 6.214664525068524e-05
318 6.214664525068524e-05
319 6.214664525068524e-05
320 6.214664525068524e-05
321 6.214664525068524e-05
322 6.214664525068524e-05
323 6.214664525068524e-05
324 6.214664525068524e-05
325 6.214664525068524e-05
326 6.214664525068524e-05
327 6.214664525068524e-05
328 6.214664525068524e-05
329 6.214664525068524e-05
330 6.214664525068524e-05
331 6.214664525068524e-05
332 6.214664525068524e-05
333 6.214664525068524e-05
334 6.214664525068524e-05
335 6.214664525068524e-05
336 6.214664525068524e-05
337 6.214664525068524e-05
338 6.214664525068524e-05
339 6.214664525068524e-05
341 6.214664525068524e-05
342 6.214664525068524e-05
343 6.214664525068524e-05
344 6.214664525068524e-05
345 6.214664525068524e-05
346 6.214664525068524e-05
347 6.214664525068524e-05
348 6.214664525068524e-05
349 6.214664525068524e-05
350 6.214664525068524e-05
351 6.214664525068524e-05
352 6.214664525068524e-05
353 6.214664525068524e-05
354 6.214664525068524e-05
356 6.214664525068524e-05
357 6.214664525068524e-05
358 6.214664525068524e-05
359 6.214664525068524e-05
360 6.214664525068524e-05
362 6.214664525068524e-05
363 6.214664525068524e-05
364 6.214664525068524e-05
365 6.214664525068524e-05
366 6.214664525068524e-05
367 6.214664525068524e-05
368 6.214664525068524e-05
369 6.214664525068524e-05
370 6.214664525068524e-05
371 6.214664525068524e-05
372 6.214664525068524e-05
373 6.214664525068524e-05
374 6.214664525068524e-05
375 6.214664525068524e-05
376 6.214664525068524e-05
377 6.214664525068524e-05
378 6.214664525068524e-05
379 6.214664525068524e-05
380 6.214664525068524e-05
381 6.214664525068524e-05
382 6.214664525068524e-05
383 6.214664525068524e-05
384 6.214664525068524e-05
385 6.214664525068524e-05
386 6.214664525068524e-05
387 6.214664525068524e-05
388 6.214664525068524e-05
389 6.214664525068524e-05
390 6.214664525068524e-05
391 6.214664525068524e-05
392 6.214664525068524e-05
393 6.214664525068524e-05
394 6.214664525068524e-05
395 6.214664525068524e-05
398 6.214664525068524e-05
399 6.214664525068524e-05
400 6.214664525068524e-05
401 6.214664525068524e-05
402 6.214664525068524e-05
403 6.214664525068524e-05
406 6.214664525068524e-05
407 6.214664525068524e-05
408 6.214664525068524e-05
409 6.214664525068524e-05
410 6.214664525068524e-05
411 6.214664525068524e-05
412 6.214664525068524e-05
413 6.214664525068524e-05
415 6.214664525068524e-05
416 6.214664525068524e-05
417 6.214664525068524e-05
419 6.214664525068524e-05
421 6.214664525068524e-05
423 6.214664525068524e-05
424 6.214664525068524e-05
425 6.214664525068524e-05
426 6.214664525068524e-05
427 6.214664525068524e-05
428 6.214664525068524e-05
430 6.214664525068524e-05
433 6.214664525068524e-05
434 6.214664525068524e-05
435 6.214664525068524e-05
436 6.214664525068524e-05
437 6.214664525068524e-05
438 6.214664525068524e-05
439 6.214664525068524e-05
440 6.214664525068524e-05
441 6.214664525068524e-05
442 6.214664525068524e-05
443 6.214664525068524e-05
444 6.214664525068524e-05
445 6.214664525068524e-05
446 6.214664525068524e-05
447 6.214664525068524e-05
448 6.214664525068524e-05
449 6.214664525068524e-05
450 6.214664525068524e-05
451 6.214664525068524e-05
452 6.214664525068524e-05
453 6.214664525068524e-05
454 6.214664525068524e-05
455 6.214664525068524e-05
456 6.214664525068524e-05
458 6.214664525068524e-05
459 6.214664525068524e-05
460 6.214664525068524e-05
463 6.214664525068524e-05
464 6.214664525068524e-05
465 6.214664525068524e-05
466 6.214664525068524e-05
467 6.214664525068524e-05
468 6.214664525068524e-05
469 6.214664525068524e-05
470 6.214664525068524e-05
472 6.214664525068524e-05
473 6.214664525068524e-05
474 6.214664525068524e-05
475 6.214664525068524e-05
476 6.214664525068524e-05
477 6.214664525068524e-05
478 6.214664525068524e-05
479 6.214664525068524e-05
480 6.214664525068524e-05
481 6.214664525068524e-05
482 6.214664525068524e-05
483 6.214664525068524e-05
484 6.214664525068524e-05
485 6.214664525068524e-05
486 6.214664525068524e-05
487 6.214664525068524e-05
488 6.214664525068524e-05
489 6.214664525068524e-05
490 6.214664525068524e-05
491 6.214664525068524e-05
492 6.214664525068524e-05
493 6.214664525068524e-05
494 6.214664525068524e-05
495 6.214664525068524e-05
496 6.214664525068524e-05
497 6.214664525068524e-05
498 6.214664525068524e-05
499 6.214664525068524e-05
500 6.214664525068524e-05
501 6.214664525068524e-05
502 6.214664525068524e-05
503 6.214664525068524e-05
504 6.214664525068524e-05
505 6.214664525068524e-05
506 6.214664525068524e-05
508 6.214664525068524e-05
509 6.214664525068524e-05
510 6.214664525068524e-05
511 6.214664525068524e-05
512 6.214664525068524e-05
513 6.214664525068524e-05
514 6.214664525068524e-05
515 6.214664525068524e-05
516 6.214664525068524e-05
517 6.214664525068524e-05
518 6.214664525068524e-05
519 6.214664525068524e-05
520 6.214664525068524e-05
521 6.214664525068524e-05
522 6.214664525068524e-05
523 6.214664525068524e-05
524 6.214664525068524e-05
525 6.214664525068524e-05
526 6.214664525068524e-05
527 6.214664525068524e-05
528 6.214664525068524e-05
529 6.214664525068524e-05
530 6.214664525068524e-05
531 6.214664525068524e-05
532 6.214664525068524e-05
533 6.214664525068524e-05
534 6.214664525068524e-05
536 6.214664525068524e-05
537 6.214664525068524e-05
538 6.214664525068524e-05
539 6.214664525068524e-05
540 6.214664525068524e-05
541 6.214664525068524e-05
542 6.214664525068524e-05
543 6.214664525068524e-05
544 6.214664525068524e-05
545 6.214664525068524e-05
546 6.214664525068524e-05
547 6.214664525068524e-05
548 6.214664525068524e-05
549 6.214664525068524e-05
550 6.214664525068524e-05
551 6.214664525068524e-05
552 6.214664525068524e-05
553 6.214664525068524e-05
554 6.214664525068524e-05
555 6.214664525068524e-05
556 6.214664525068524e-05
557 6.214664525068524e-05
558 6.214664525068524e-05
559 6.214664525068524e-05
560 6.214664525068524e-05
561 6.214664525068524e-05
562 6.214664525068524e-05
563 6.214664525068524e-05
564 6.214664525068524e-05
565 6.214664525068524e-05
566 6.214664525068524e-05
568 6.214664525068524e-05
569 6.214664525068524e-05
571 6.214664525068524e-05
572 6.214664525068524e-05
573 6.214664525068524e-05
574 6.214664525068524e-05
576 6.214664525068524e-05
577 6.214664525068524e-05
578 6.214664525068524e-05
579 6.214664525068524e-05
580 6.214664525068524e-05
581 6.214664525068524e-05
582 6.214664525068524e-05
583 6.214664525068524e-05
584 6.214664525068524e-05
585 6.214664525068524e-05
586 6.214664525068524e-05
588 6.214664525068524e-05
589 6.214664525068524e-05
590 6.214664525068524e-05
591 6.214664525068524e-05
592 6.214664525068524e-05
593 6.214664525068524e-05
594 6.214664525068524e-05
595 6.214664525068524e-05
596 6.214664525068524e-05
597 6.214664525068524e-05
598 6.214664525068524e-05
599 6.214664525068524e-05
600 6.214664525068524e-05
601 6.214664525068524e-05
602 6.214664525068524e-05
603 6.214664525068524e-05
604 6.214664525068524e-05
605 6.214664525068524e-05
606 6.214664525068524e-05
607 6.214664525068524e-05
608 6.214664525068524e-05
609 6.214664525068524e-05
610 6.214664525068524e-05
611 6.214664525068524e-05
612 6.214664525068524e-05
613 6.214664525068524e-05
614 6.214664525068524e-05
615 6.214664525068524e-05
616 6.214664525068524e-05
617 6.214664525068524e-05
618 6.214664525068524e-05
619 6.214664525068524e-05
620 6.214664525068524e-05
621 6.214664525068524e-05
622 6.214664525068524e-05
623 6.214664525068524e-05
624 6.214664525068524e-05
625 6.214664525068524e-05
626 6.214664525068524e-05
627 6.214664525068524e-05
628 6.214664525068524e-05
629 6.214664525068524e-05
630 6.214664525068524e-05
631 6.214664525068524e-05
632 6.214664525068524e-05
633 6.214664525068524e-05
634 6.214664525068524e-05
635 6.214664525068524e-05
636 6.214664525068524e-05
637 6.214664525068524e-05
638 6.214664525068524e-05
639 6.214664525068524e-05
640 6.214664525068524e-05
641 6.214664525068524e-05
642 6.214664525068524e-05
643 6.214664525068524e-05
644 6.214664525068524e-05
645 6.214664525068524e-05
646 6.214664525068524e-05
647 6.214664525068524e-05
648 6.214664525068524e-05
649 6.214664525068524e-05
650 6.214664525068524e-05
651 6.214664525068524e-05
652 6.214664525068524e-05
653 6.214664525068524e-05
654 6.214664525068524e-05
655 6.214664525068524e-05
656 6.214664525068524e-05
657 6.214664525068524e-05
658 6.214664525068524e-05
659 6.214664525068524e-05
660 6.214664525068524e-05
661 6.214664525068524e-05
662 6.214664525068524e-05
663 6.214664525068524e-05
664 6.214664525068524e-05
665 6.214664525068524e-05
666 6.214664525068524e-05
667 6.214664525068524e-05
668 6.214664525068524e-05
669 6.214664525068524e-05
671 6.214664525068524e-05
672 6.214664525068524e-05
673 6.214664525068524e-05
674 6.214664525068524e-05
675 6.214664525068524e-05
676 6.214664525068524e-05
677 6.214664525068524e-05
678 6.214664525068524e-05
679 6.214664525068524e-05
680 6.214664525068524e-05
681 6.214664525068524e-05
682 6.214664525068524e-05
683 6.214664525068524e-05
684 6.214664525068524e-05
685 6.214664525068524e-05
686 6.214664525068524e-05
687 6.214664525068524e-05
688 6.214664525068524e-05
689 6.214664525068524e-05
690 6.214664525068524e-05
691 6.214664525068524e-05
692 6.214664525068524e-05
693 6.214664525068524e-05
694 6.214664525068524e-05
695 6.214664525068524e-05
697 6.214664525068524e-05
698 6.214664525068524e-05
699 6.214664525068524e-05
700 6.214664525068524e-05
701 6.214664525068524e-05
702 6.214664525068524e-05
703 6.214664525068524e-05
704 6.214664525068524e-05
705 6.214664525068524e-05
706 6.214664525068524e-05
707 6.214664525068524e-05
708 6.214664525068524e-05
709 6.214664525068524e-05
710 6.214664525068524e-05
711 6.214664525068524e-05
712 6.214664525068524e-05
713 6.214664525068524e-05
714 6.214664525068524e-05
715 6.214664525068524e-05
716 6.214664525068524e-05
717 6.214664525068524e-05
719 6.214664525068524e-05
720 6.214664525068524e-05
722 6.214664525068524e-05
723 6.214664525068524e-05
724 6.214664525068524e-05
725 6.214664525068524e-05
726 6.214664525068524e-05
727 6.214664525068524e-05
728 6.214664525068524e-05
729 6.214664525068524e-05
730 6.214664525068524e-05
731 6.214664525068524e-05
733 6.214664525068524e-05
734 6.214664525068524e-05
735 6.214664525068524e-05
736 6.214664525068524e-05
737 6.214664525068524e-05
738 6.214664525068524e-05
739 6.214664525068524e-05
740 6.214664525068524e-05
741 6.214664525068524e-05
742 6.214664525068524e-05
743 6.214664525068524e-05
744 6.214664525068524e-05
745 6.214664525068524e-05
746 6.214664525068524e-05
747 6.214664525068524e-05
748 6.214664525068524e-05
749 6.214664525068524e-05
750 6.214664525068524e-05
751 6.214664525068524e-05
752 6.214664525068524e-05
753 6.214664525068524e-05
754 6.214664525068524e-05
755 6.214664525068524e-05
756 6.214664525068524e-05
757 6.214664525068524e-05
758 6.214664525068524e-05
759 6.214664525068524e-05
760 6.214664525068524e-05
761 6.214664525068524e-05
762 6.214664525068524e-05
763 6.214664525068524e-05
764 6.214664525068524e-05
765 6.214664525068524e-05
766 6.214664525068524e-05
767 6.214664525068524e-05
768 6.214664525068524e-05
769 6.214664525068524e-05
771 6.214664525068524e-05
772 6.214664525068524e-05
773 6.214664525068524e-05
774 6.214664525068524e-05
775 6.214664525068524e-05
776 6.214664525068524e-05
777 6.214664525068524e-05
778 6.214664525068524e-05
779 6.214664525068524e-05
780 6.214664525068524e-05
781 6.214664525068524e-05
782 6.214664525068524e-05
784 6.214664525068524e-05
785 6.214664525068524e-05
786 6.214664525068524e-05
787 6.214664525068524e-05
788 6.214664525068524e-05
789 6.214664525068524e-05
790 6.214664525068524e-05
791 6.214664525068524e-05
792 6.214664525068524e-05
793 6.214664525068524e-05
794 6.214664525068524e-05
795 6.214664525068524e-05
796 6.214664525068524e-05
797 6.214664525068524e-05
798 6.214664525068524e-05
800 6.214664525068524e-05
801 6.214664525068524e-05
803 6.214664525068524e-05
804 6.214664525068524e-05
806 6.214664525068524e-05
807 6.214664525068524e-05
808 6.214664525068524e-05
809 6.214664525068524e-05
810 6.214664525068524e-05
811 6.214664525068524e-05
813 6.214664525068524e-05
814 6.214664525068524e-05
815 6.214664525068524e-05
816 6.214664525068524e-05
817 6.214664525068524e-05
818 6.214664525068524e-05
819 6.214664525068524e-05
820 6.214664525068524e-05
821 6.214664525068524e-05
822 6.214664525068524e-05
823 6.214664525068524e-05
824 6.214664525068524e-05
825 6.214664525068524e-05
826 6.214664525068524e-05
827 6.214664525068524e-05
828 6.214664525068524e-05
829 6.214664525068524e-05
830 6.214664525068524e-05
831 6.214664525068524e-05
832 6.214664525068524e-05
833 6.214664525068524e-05
834 6.214664525068524e-05
835 6.214664525068524e-05
836 6.214664525068524e-05
837 6.214664525068524e-05
838 6.214664525068524e-05
840 6.214664525068524e-05
841 6.214664525068524e-05
842 6.214664525068524e-05
843 6.214664525068524e-05
844 6.214664525068524e-05
845 6.214664525068524e-05
846 6.214664525068524e-05
847 6.214664525068524e-05
848 6.214664525068524e-05
849 6.214664525068524e-05
850 6.214664525068524e-05
851 6.214664525068524e-05
852 6.214664525068524e-05
853 6.214664525068524e-05
854 6.214664525068524e-05
855 6.214664525068524e-05
856 6.214664525068524e-05
857 6.214664525068524e-05
858 6.214664525068524e-05
859 6.214664525068524e-05
860 6.214664525068524e-05
861 6.214664525068524e-05
862 6.214664525068524e-05
863 6.214664525068524e-05
864 6.214664525068524e-05
865 6.214664525068524e-05
866 6.214664525068524e-05
867 6.214664525068524e-05
868 6.214664525068524e-05
869 6.214664525068524e-05
871 6.214664525068524e-05
872 6.214664525068524e-05
873 6.214664525068524e-05
874 6.214664525068524e-05
875 6.214664525068524e-05
877 6.214664525068524e-05
879 6.214664525068524e-05
885 6.214664525068524e-05
886 6.214664525068524e-05
887 6.214664525068524e-05
888 6.214664525068524e-05
889 6.214664525068524e-05
890 6.214664525068524e-05
891 6.214664525068524e-05
892 6.214664525068524e-05
893 6.214664525068524e-05
894 6.214664525068524e-05
895 6.214664525068524e-05
896 6.214664525068524e-05
897 6.214664525068524e-05
898 6.214664525068524e-05
899 6.214664525068524e-05
900 6.214664525068524e-05
901 6.214664525068524e-05
902 6.214664525068524e-05
903 6.214664525068524e-05
904 6.214664525068524e-05
905 6.214664525068524e-05
906 6.214664525068524e-05
907 6.214664525068524e-05
908 6.214664525068524e-05
909 6.214664525068524e-05
910 6.214664525068524e-05
911 6.214664525068524e-05
912 6.214664525068524e-05
913 6.214664525068524e-05
914 6.214664525068524e-05
915 6.214664525068524e-05
916 6.214664525068524e-05
917 6.214664525068524e-05
918 6.214664525068524e-05
919 6.214664525068524e-05
920 6.214664525068524e-05
921 6.214664525068524e-05
922 6.214664525068524e-05
923 6.214664525068524e-05
924 6.214664525068524e-05
925 6.214664525068524e-05
926 6.214664525068524e-05
927 6.214664525068524e-05
928 6.214664525068524e-05
929 6.214664525068524e-05
930 6.214664525068524e-05
931 6.214664525068524e-05
932 6.214664525068524e-05
933 6.214664525068524e-05
934 6.214664525068524e-05
935 6.214664525068524e-05
936 6.214664525068524e-05
937 6.214664525068524e-05
938 6.214664525068524e-05
939 6.214664525068524e-05
940 6.214664525068524e-05
941 6.214664525068524e-05
942 6.214664525068524e-05
943 6.214664525068524e-05
944 6.214664525068524e-05
945 6.214664525068524e-05
946 6.214664525068524e-05
947 6.214664525068524e-05
948 6.214664525068524e-05
949 6.214664525068524e-05
950 6.214664525068524e-05
951 6.214664525068524e-05
952 6.214664525068524e-05
953 6.214664525068524e-05
954 6.214664525068524e-05
955 6.214664525068524e-05
956 6.214664525068524e-05
957 6.214664525068524e-05
958 6.214664525068524e-05
959 6.214664525068524e-05
960 6.214664525068524e-05
961 6.214664525068524e-05
962 6.214664525068524e-05
963 6.214664525068524e-05
964 6.214664525068524e-05
965 6.214664525068524e-05
966 6.214664525068524e-05
967 6.214664525068524e-05
968 6.214664525068524e-05
969 6.214664525068524e-05
971 6.214664525068524e-05
972 6.214664525068524e-05
973 6.214664525068524e-05
974 6.214664525068524e-05
975 6.214664525068524e-05
976 6.214664525068524e-05
977 6.214664525068524e-05
978 6.214664525068524e-05
979 6.214664525068524e-05
980 6.214664525068524e-05
981 6.214664525068524e-05
982 6.214664525068524e-05
983 6.214664525068524e-05
984 6.214664525068524e-05
985 6.214664525068524e-05
986 6.214664525068524e-05
987 6.214664525068524e-05
988 6.214664525068524e-05
989 6.214664525068524e-05
990 6.214664525068524e-05
991 6.214664525068524e-05
992 6.214664525068524e-05
993 6.214664525068524e-05
994 6.214664525068524e-05
995 6.214664525068524e-05
996 6.214664525068524e-05
997 6.214664525068524e-05
998 6.214664525068524e-05
999 6.214664525068524e-05
1000 6.214664525068524e-05
1001 6.214664525068524e-05
1002 6.214664525068524e-05
1003 6.214664525068524e-05
1004 6.214664525068524e-05
1005 6.214664525068524e-05
1006 6.214664525068524e-05
1007 6.214664525068524e-05
1008 6.214664525068524e-05
1009 6.214664525068524e-05
1010 6.214664525068524e-05
1011 6.214664525068524e-05
1012 6.214664525068524e-05
1013 6.214664525068524e-05
1014 6.214664525068524e-05
1015 6.214664525068524e-05
1016 6.214664525068524e-05
1017 6.214664525068524e-05
1018 6.214664525068524e-05
1019 6.214664525068524e-05
1020 6.214664525068524e-05
1021 6.214664525068524e-05
1022 6.214664525068524e-05
1023 6.214664525068524e-05
1024 6.214664525068524e-05
1025 6.214664525068524e-05
1026 6.214664525068524e-05
1027 6.214664525068524e-05
1028 6.214664525068524e-05
1029 6.214664525068524e-05
1030 6.214664525068524e-05
1031 6.214664525068524e-05
1032 6.214664525068524e-05
1033 6.214664525068524e-05
1034 6.214664525068524e-05
1035 6.214664525068524e-05
1036 6.214664525068524e-05
1037 6.214664525068524e-05
1038 6.214664525068524e-05
1039 6.214664525068524e-05
1040 6.214664525068524e-05
1041 6.214664525068524e-05
1042 6.214664525068524e-05
1043 6.214664525068524e-05
1044 6.214664525068524e-05
1045 6.214664525068524e-05
1046 6.214664525068524e-05
1048 6.214664525068524e-05
1049 6.214664525068524e-05
1050 6.214664525068524e-05
1051 6.214664525068524e-05
1052 6.214664525068524e-05
1053 6.214664525068524e-05
1054 6.214664525068524e-05
1055 6.214664525068524e-05
1056 6.214664525068524e-05
1058 6.214664525068524e-05
1060 6.214664525068524e-05
1061 6.214664525068524e-05
1063 6.214664525068524e-05
1064 6.214664525068524e-05
1065 6.214664525068524e-05
1066 6.214664525068524e-05
1067 6.214664525068524e-05
1068 6.214664525068524e-05
1069 6.214664525068524e-05
1070 6.214664525068524e-05
1071 6.214664525068524e-05
1072 6.214664525068524e-05
1073 6.214664525068524e-05
1074 6.214664525068524e-05
1075 6.214664525068524e-05
1076 6.214664525068524e-05
1077 6.214664525068524e-05
1078 6.214664525068524e-05
1079 6.214664525068524e-05
1080 6.214664525068524e-05
1081 6.214664525068524e-05
1082 6.214664525068524e-05
1083 6.214664525068524e-05
1084 6.214664525068524e-05
1085 6.214664525068524e-05
1086 6.214664525068524e-05
1087 6.214664525068524e-05
1088 6.214664525068524e-05
1089 6.214664525068524e-05
1090 6.214664525068524e-05
1091 6.214664525068524e-05
1092 6.214664525068524e-05
1093 6.214664525068524e-05
1094 6.214664525068524e-05
1095 6.214664525068524e-05
1096 6.214664525068524e-05
1097 6.214664525068524e-05
1098 6.214664525068524e-05
1099 6.214664525068524e-05
1100 6.214664525068524e-05
1102 6.214664525068524e-05
1103 6.214664525068524e-05
1104 6.214664525068524e-05
1105 6.214664525068524e-05
1106 6.214664525068524e-05
1108 6.214664525068524e-05
1109 6.214664525068524e-05
1110 6.214664525068524e-05
1111 6.214664525068524e-05
1112 6.214664525068524e-05
1113 6.214664525068524e-05
1114 6.214664525068524e-05
1115 6.214664525068524e-05
1116 6.214664525068524e-05
1117 6.214664525068524e-05
1118 6.214664525068524e-05
1119 6.214664525068524e-05
1120 6.214664525068524e-05
1121 6.214664525068524e-05
1122 6.214664525068524e-05
1123 6.214664525068524e-05
1124 6.214664525068524e-05
1125 6.214664525068524e-05
1126 6.214664525068524e-05
1127 6.214664525068524e-05
1128 6.214664525068524e-05
1129 6.214664525068524e-05
1130 6.214664525068524e-05
1131 6.214664525068524e-05
1132 6.214664525068524e-05
1133 6.214664525068524e-05
1134 6.214664525068524e-05
1135 6.214664525068524e-05
1136 6.214664525068524e-05
1137 6.214664525068524e-05
1138 6.214664525068524e-05
1139 6.214664525068524e-05
1140 6.214664525068524e-05
1141 6.214664525068524e-05
1142 6.214664525068524e-05
1143 6.214664525068524e-05
1144 6.214664525068524e-05
1145 6.214664525068524e-05
1146 6.214664525068524e-05
1147 6.214664525068524e-05
1148 6.214664525068524e-05
1149 6.214664525068524e-05
1150 6.214664525068524e-05
1151 6.214664525068524e-05
1152 6.214664525068524e-05
1153 6.214664525068524e-05
1154 6.214664525068524e-05
1155 6.214664525068524e-05
1156 6.214664525068524e-05
1157 6.214664525068524e-05
1158 6.214664525068524e-05
1159 6.214664525068524e-05
1160 6.214664525068524e-05
1161 6.214664525068524e-05
1162 6.214664525068524e-05
1163 6.214664525068524e-05
1164 6.214664525068524e-05
1165 6.214664525068524e-05
1166 6.214664525068524e-05
1167 6.214664525068524e-05
1168 6.214664525068524e-05
1169 6.214664525068524e-05
1170 6.214664525068524e-05
1171 6.214664525068524e-05
1172 6.214664525068524e-05
1173 6.214664525068524e-05
1174 6.214664525068524e-05
1175 6.214664525068524e-05
1176 6.214664525068524e-05
1177 6.214664525068524e-05
1179 6.214664525068524e-05
1180 6.214664525068524e-05
1181 6.214664525068524e-05
1182 6.214664525068524e-05
1183 6.214664525068524e-05
1184 6.214664525068524e-05
1185 6.214664525068524e-05
1186 6.214664525068524e-05
1187 6.214664525068524e-05
1188 6.214664525068524e-05
1189 6.214664525068524e-05
1190 6.214664525068524e-05
1191 6.214664525068524e-05
1192 6.214664525068524e-05
1193 6.214664525068524e-05
1194 6.214664525068524e-05
1195 6.214664525068524e-05
1196 6.214664525068524e-05
1197 6.214664525068524e-05
1198 6.214664525068524e-05
1199 6.214664525068524e-05
1200 6.214664525068524e-05
1201 6.214664525068524e-05
1202 6.214664525068524e-05
1203 6.214664525068524e-05
1204 6.214664525068524e-05
1205 6.214664525068524e-05
1206 6.214664525068524e-05
1207 6.214664525068524e-05
1208 6.214664525068524e-05
1209 6.214664525068524e-05
1210 6.214664525068524e-05
1211 6.214664525068524e-05
1212 6.214664525068524e-05
1214 6.214664525068524e-05
1215 6.214664525068524e-05
1216 6.214664525068524e-05
1217 6.214664525068524e-05
1218 6.214664525068524e-05
1219 6.214664525068524e-05
1220 6.214664525068524e-05
1221 6.214664525068524e-05
1222 6.214664525068524e-05
1223 6.214664525068524e-05
1224 6.214664525068524e-05
1225 6.214664525068524e-05
1226 6.214664525068524e-05
1227 6.214664525068524e-05
1228 6.214664525068524e-05
1229 6.214664525068524e-05
1230 6.214664525068524e-05
1231 6.214664525068524e-05
1232 6.214664525068524e-05
1233 6.214664525068524e-05
1234 6.214664525068524e-05
1235 6.214664525068524e-05
1236 6.214664525068524e-05
1237 6.214664525068524e-05
1238 6.214664525068524e-05
1239 6.214664525068524e-05
1240 6.214664525068524e-05
1241 6.214664525068524e-05
1242 6.214664525068524e-05
1243 6.214664525068524e-05
1244 6.214664525068524e-05
1245 6.214664525068524e-05
1246 6.214664525068524e-05
1247 6.214664525068524e-05
1248 6.214664525068524e-05
1249 6.214664525068524e-05
1251 6.214664525068524e-05
1252 6.214664525068524e-05
1253 6.214664525068524e-05
1254 6.214664525068524e-05
1255 6.214664525068524e-05
1256 6.214664525068524e-05
1257 6.214664525068524e-05
1258 6.214664525068524e-05
1259 6.214664525068524e-05
1260 6.214664525068524e-05
1261 6.214664525068524e-05
1262 6.214664525068524e-05
1263 6.214664525068524e-05
1264 6.214664525068524e-05
1265 6.214664525068524e-05
1266 6.214664525068524e-05
1267 6.214664525068524e-05
1268 6.214664525068524e-05
1269 6.214664525068524e-05
1270 6.214664525068524e-05
1271 6.214664525068524e-05
1272 6.214664525068524e-05
1273 6.214664525068524e-05
1274 6.214664525068524e-05
1275 6.214664525068524e-05
1276 6.214664525068524e-05
1277 6.214664525068524e-05
1278 6.214664525068524e-05
1279 6.214664525068524e-05
1280 6.214664525068524e-05
1281 6.214664525068524e-05
1282 6.214664525068524e-05
1283 6.214664525068524e-05
1284 6.214664525068524e-05
1285 6.214664525068524e-05
1286 6.214664525068524e-05
1287 6.214664525068524e-05
1288 6.214664525068524e-05
1289 6.214664525068524e-05
1290 6.214664525068524e-05
1291 6.214664525068524e-05
1292 6.214664525068524e-05
1293 6.214664525068524e-05
1294 6.214664525068524e-05
1295 6.214664525068524e-05
1296 6.214664525068524e-05
1297 6.214664525068524e-05
1298 6.214664525068524e-05
1299 6.214664525068524e-05
1300 6.214664525068524e-05
1301 6.214664525068524e-05
1302 6.214664525068524e-05
1303 6.214664525068524e-05
1304 6.214664525068524e-05
1305 6.214664525068524e-05
1306 6.214664525068524e-05
1307 6.214664525068524e-05
1308 6.214664525068524e-05
1309 6.214664525068524e-05
1310 6.214664525068524e-05
1311 6.214664525068524e-05
1312 6.214664525068524e-05
1313 6.214664525068524e-05
1314 6.214664525068524e-05
1315 6.214664525068524e-05
1316 6.214664525068524e-05
1317 6.214664525068524e-05
1318 6.214664525068524e-05
1319 6.214664525068524e-05
1320 6.214664525068524e-05
1321 6.214664525068524e-05
1323 6.214664525068524e-05
1324 6.214664525068524e-05
1325 6.214664525068524e-05
1326 6.214664525068524e-05
1327 6.214664525068524e-05
1328 6.214664525068524e-05
1329 6.214664525068524e-05
1330 6.214664525068524e-05
1331 6.214664525068524e-05
1332 6.214664525068524e-05
1333 6.214664525068524e-05
1334 6.214664525068524e-05
1335 6.214664525068524e-05
1336 6.214664525068524e-05
1337 6.214664525068524e-05
1338 6.214664525068524e-05
1339 6.214664525068524e-05
1340 6.214664525068524e-05
1341 6.214664525068524e-05
1342 6.214664525068524e-05
1343 6.214664525068524e-05
1344 6.214664525068524e-05
1345 6.214664525068524e-05
1346 6.214664525068524e-05
1347 6.214664525068524e-05
1348 6.214664525068524e-05
1349 6.214664525068524e-05
1350 6.214664525068524e-05
1351 6.214664525068524e-05
1352 6.214664525068524e-05
1353 6.214664525068524e-05
1354 6.214664525068524e-05
1355 6.214664525068524e-05
1356 6.214664525068524e-05
1357 6.214664525068524e-05
1358 6.214664525068524e-05
1359 6.214664525068524e-05
1360 6.214664525068524e-05
1361 6.214664525068524e-05
1362 6.214664525068524e-05
1363 6.214664525068524e-05
1364 6.214664525068524e-05
1365 6.214664525068524e-05
1366 6.214664525068524e-05
1367 6.214664525068524e-05
1368 6.214664525068524e-05
1369 6.214664525068524e-05
1370 6.214664525068524e-05
1371 6.214664525068524e-05
1372 6.214664525068524e-05
1374 6.214664525068524e-05
1375 6.214664525068524e-05
1376 6.214664525068524e-05
1377 6.214664525068524e-05
1378 6.214664525068524e-05
1379 6.214664525068524e-05
1380 6.214664525068524e-05
1382 6.214664525068524e-05
1383 6.214664525068524e-05
1384 6.214664525068524e-05
1385 6.214664525068524e-05
1387 6.214664525068524e-05
1389 6.214664525068524e-05
1390 6.214664525068524e-05
1392 6.214664525068524e-05
1393 6.214664525068524e-05
1394 6.214664525068524e-05
1395 6.214664525068524e-05
1396 6.214664525068524e-05
1398 6.214664525068524e-05
1399 6.214664525068524e-05
1400 6.214664525068524e-05
1401 6.214664525068524e-05
1402 6.214664525068524e-05
1403 6.214664525068524e-05
1404 6.214664525068524e-05
1405 6.214664525068524e-05
1407 6.214664525068524e-05
1410 6.214664525068524e-05
1411 6.214664525068524e-05
1412 6.214664525068524e-05
1415 6.214664525068524e-05
1416 6.214664525068524e-05
1417 6.214664525068524e-05
1418 6.214664525068524e-05
1419 6.214664525068524e-05
1420 6.214664525068524e-05
1424 6.214664525068524e-05
1426 6.214664525068524e-05
1428 6.214664525068524e-05
1429 6.214664525068524e-05
1432 6.214664525068524e-05
1433 6.214664525068524e-05
1434 6.214664525068524e-05
1435 6.214664525068524e-05
1436 6.214664525068524e-05
1437 6.214664525068524e-05
1439 6.214664525068524e-05
1440 6.214664525068524e-05
1442 6.214664525068524e-05
1443 6.214664525068524e-05
1444 6.214664525068524e-05
1445 6.214664525068524e-05
1446 6.214664525068524e-05
1447 6.214664525068524e-05
1449 6.214664525068524e-05
1450 6.214664525068524e-05
1451 6.214664525068524e-05
1452 6.214664525068524e-05
1453 6.214664525068524e-05
1454 6.214664525068524e-05
1455 6.214664525068524e-05
1457 6.214664525068524e-05
1458 6.214664525068524e-05
1459 6.214664525068524e-05
1460 6.214664525068524e-05
1461 6.214664525068524e-05
1462 6.214664525068524e-05
1463 6.214664525068524e-05
1464 6.214664525068524e-05
1465 6.214664525068524e-05
1466 6.214664525068524e-05
1467 6.214664525068524e-05
1468 6.214664525068524e-05
1469 6.214664525068524e-05
1470 6.214664525068524e-05
1471 6.214664525068524e-05
1472 6.214664525068524e-05
1473 6.214664525068524e-05
1474 6.214664525068524e-05
1475 6.214664525068524e-05
1476 6.214664525068524e-05
1477 6.214664525068524e-05
1478 6.214664525068524e-05
1479 6.214664525068524e-05
1480 6.214664525068524e-05
1481 6.214664525068524e-05
1482 6.214664525068524e-05
1483 6.214664525068524e-05
1484 6.214664525068524e-05
1485 6.214664525068524e-05
1486 6.214664525068524e-05
1487 6.214664525068524e-05
1488 6.214664525068524e-05
1489 6.214664525068524e-05
1490 6.214664525068524e-05
1491 6.214664525068524e-05
1492 6.214664525068524e-05
1493 6.214664525068524e-05
1494 6.214664525068524e-05
1495 6.214664525068524e-05
1496 6.214664525068524e-05
1497 6.214664525068524e-05
1498 6.214664525068524e-05
1499 6.214664525068524e-05
1500 6.214664525068524e-05
1501 6.214664525068524e-05
1502 6.214664525068524e-05
1503 6.214664525068524e-05
1504 6.214664525068524e-05
1505 6.214664525068524e-05
1506 6.214664525068524e-05
1507 6.214664525068524e-05
1508 6.214664525068524e-05
1509 6.214664525068524e-05
1510 6.214664525068524e-05
1511 6.214664525068524e-05
1512 6.214664525068524e-05
1513 6.214664525068524e-05
1514 6.214664525068524e-05
1515 6.214664525068524e-05
1516 6.214664525068524e-05
1517 6.214664525068524e-05
1518 6.214664525068524e-05
1519 6.214664525068524e-05
1520 6.214664525068524e-05
1521 6.214664525068524e-05
1522 6.214664525068524e-05
1523 6.214664525068524e-05
1524 6.214664525068524e-05
1525 6.214664525068524e-05
1526 6.214664525068524e-05
1527 6.214664525068524e-05
1528 6.214664525068524e-05
1529 6.214664525068524e-05
1530 6.214664525068524e-05
1531 6.214664525068524e-05
1532 6.214664525068524e-05
1533 6.214664525068524e-05
1534 6.214664525068524e-05
1535 6.214664525068524e-05
1536 6.214664525068524e-05
1537 6.214664525068524e-05
1538 6.214664525068524e-05
1539 6.214664525068524e-05
1540 6.214664525068524e-05
1541 6.214664525068524e-05
1542 6.214664525068524e-05
1543 6.214664525068524e-05
1544 6.214664525068524e-05
1545 6.214664525068524e-05
1546 6.214664525068524e-05
1547 6.214664525068524e-05
1548 6.214664525068524e-05
1549 6.214664525068524e-05
1550 6.214664525068524e-05
1551 6.214664525068524e-05
1552 6.214664525068524e-05
1553 6.214664525068524e-05
1554 6.214664525068524e-05
1555 6.214664525068524e-05
1556 6.214664525068524e-05
1557 6.214664525068524e-05
1558 6.214664525068524e-05
1559 6.214664525068524e-05
1560 6.214664525068524e-05
1561 6.214664525068524e-05
1562 6.214664525068524e-05
1563 6.214664525068524e-05
1564 6.214664525068524e-05
1565 6.214664525068524e-05
1566 6.214664525068524e-05
1567 6.214664525068524e-05
1568 6.214664525068524e-05
1569 6.214664525068524e-05
1570 6.214664525068524e-05
1571 6.214664525068524e-05
1572 6.214664525068524e-05
1573 6.214664525068524e-05
1574 6.214664525068524e-05
1575 6.214664525068524e-05
1576 6.214664525068524e-05
1577 6.214664525068524e-05
1578 6.214664525068524e-05
1581 6.214664525068524e-05
1583 6.214664525068524e-05
1585 6.214664525068524e-05
1586 6.214664525068524e-05
1587 6.214664525068524e-05
1588 6.214664525068524e-05
1589 6.214664525068524e-05
1590 6.214664525068524e-05
1591 6.214664525068524e-05
1592 6.214664525068524e-05
1593 6.214664525068524e-05
1594 6.214664525068524e-05
1596 6.214664525068524e-05
1597 6.214664525068524e-05
1598 6.214664525068524e-05
1599 6.214664525068524e-05
1600 6.214664525068524e-05
1601 6.214664525068524e-05
1602 6.214664525068524e-05
1603 6.214664525068524e-05
1604 6.214664525068524e-05
1605 6.214664525068524e-05
1606 6.214664525068524e-05
1608 6.214664525068524e-05
1609 6.214664525068524e-05
1610 6.214664525068524e-05
1611 6.214664525068524e-05
1612 6.214664525068524e-05
1613 6.214664525068524e-05
1614 6.214664525068524e-05
1615 6.214664525068524e-05
1616 6.214664525068524e-05
1617 6.214664525068524e-05
1619 6.214664525068524e-05
1620 6.214664525068524e-05
1621 6.214664525068524e-05
1622 6.214664525068524e-05
1623 6.214664525068524e-05
1624 6.214664525068524e-05
1625 6.214664525068524e-05
1626 6.214664525068524e-05
1627 6.214664525068524e-05
1628 6.214664525068524e-05
1629 6.214664525068524e-05
1630 6.214664525068524e-05
1631 6.214664525068524e-05
1632 6.214664525068524e-05
1633 6.214664525068524e-05
1634 6.214664525068524e-05
1635 6.214664525068524e-05
1636 6.214664525068524e-05
1637 6.214664525068524e-05
1638 6.214664525068524e-05
1639 6.214664525068524e-05
1640 6.214664525068524e-05
1641 6.214664525068524e-05
1642 6.214664525068524e-05
1643 6.214664525068524e-05
1644 6.214664525068524e-05
1645 6.214664525068524e-05
1646 6.214664525068524e-05
1647 6.214664525068524e-05
1648 6.214664525068524e-05
1649 6.214664525068524e-05
1650 6.214664525068524e-05
1651 6.214664525068524e-05
1652 6.214664525068524e-05
1653 6.214664525068524e-05
1654 6.214664525068524e-05
1655 6.214664525068524e-05
1656 6.214664525068524e-05
1657 6.214664525068524e-05
1658 6.214664525068524e-05
1659 6.214664525068524e-05
1660 6.214664525068524e-05
1661 6.214664525068524e-05
1662 6.214664525068524e-05
1663 6.214664525068524e-05
1664 6.214664525068524e-05
1665 6.214664525068524e-05
1666 6.214664525068524e-05
1667 6.214664525068524e-05
1668 6.214664525068524e-05
1669 6.214664525068524e-05
1670 6.214664525068524e-05
1671 6.214664525068524e-05
1672 6.214664525068524e-05
1673 6.214664525068524e-05
1674 6.214664525068524e-05
1675 6.214664525068524e-05
1676 6.214664525068524e-05
1677 6.214664525068524e-05
1678 6.214664525068524e-05
1679 6.214664525068524e-05
1681 6.214664525068524e-05
1682 6.214664525068524e-05
1683 6.214664525068524e-05
1684 6.214664525068524e-05
1685 6.214664525068524e-05
1686 6.214664525068524e-05
1688 6.214664525068524e-05
1689 6.214664525068524e-05
1690 6.214664525068524e-05
1691 6.214664525068524e-05
1692 6.214664525068524e-05
1693 6.214664525068524e-05
1694 6.214664525068524e-05
1695 6.214664525068524e-05
1696 6.214664525068524e-05
1697 6.214664525068524e-05
1699 6.214664525068524e-05
1700 6.214664525068524e-05
1701 6.214664525068524e-05
1702 6.214664525068524e-05
1703 6.214664525068524e-05
1705 6.214664525068524e-05
1706 6.214664525068524e-05
1707 6.214664525068524e-05
1708 6.214664525068524e-05
1709 6.214664525068524e-05
1710 6.214664525068524e-05
1711 6.214664525068524e-05
1712 6.214664525068524e-05
1713 6.214664525068524e-05
1714 6.214664525068524e-05
1715 6.214664525068524e-05
1716 6.214664525068524e-05
1717 6.214664525068524e-05
1718 6.214664525068524e-05
1719 6.214664525068524e-05
1720 6.214664525068524e-05
1721 6.214664525068524e-05
1722 6.214664525068524e-05
1723 6.214664525068524e-05
1724 6.214664525068524e-05
1725 6.214664525068524e-05
1726 6.214664525068524e-05
1727 6.214664525068524e-05
1728 6.214664525068524e-05
1731 6.214664525068524e-05
1732 6.214664525068524e-05
1733 6.214664525068524e-05
1734 6.214664525068524e-05
1736 6.214664525068524e-05
1737 6.214664525068524e-05
1738 6.214664525068524e-05
1740 6.214664525068524e-05
1741 6.214664525068524e-05
1742 6.214664525068524e-05
1743 6.214664525068524e-05
1744 6.214664525068524e-05
1745 6.214664525068524e-05
1748 6.214664525068524e-05
1749 6.214664525068524e-05
1751 6.214664525068524e-05
1752 6.214664525068524e-05
1754 6.214664525068524e-05
1755 6.214664525068524e-05
1756 6.214664525068524e-05
1757 6.214664525068524e-05
1758 6.214664525068524e-05
1760 6.214664525068524e-05
1761 6.214664525068524e-05
1762 6.214664525068524e-05
1763 6.214664525068524e-05
1765 6.214664525068524e-05
1766 6.214664525068524e-05
1768 6.214664525068524e-05
1769 6.214664525068524e-05
1772 6.214664525068524e-05
1773 6.214664525068524e-05
1774 6.214664525068524e-05
1775 6.214664525068524e-05
1776 6.214664525068524e-05
1777 6.214664525068524e-05
1778 6.214664525068524e-05
1779 6.214664525068524e-05
1780 6.214664525068524e-05
1781 6.214664525068524e-05
1782 6.214664525068524e-05
1783 6.214664525068524e-05
1784 6.214664525068524e-05
1785 6.214664525068524e-05
1786 6.214664525068524e-05
1787 6.214664525068524e-05
1788 6.214664525068524e-05
1789 6.214664525068524e-05
1790 6.214664525068524e-05
1791 6.214664525068524e-05
1792 6.214664525068524e-05
1793 6.214664525068524e-05
1794 6.214664525068524e-05
1795 6.214664525068524e-05
1796 6.214664525068524e-05
1797 6.214664525068524e-05
1798 6.214664525068524e-05
1799 6.214664525068524e-05
1800 6.214664525068524e-05
1801 6.214664525068524e-05
1802 6.214664525068524e-05
1803 6.214664525068524e-05
1804 6.214664525068524e-05
1805 6.214664525068524e-05
1806 6.214664525068524e-05
1807 6.214664525068524e-05
1808 6.214664525068524e-05
1809 6.214664525068524e-05
1810 6.214664525068524e-05
1811 6.214664525068524e-05
1812 6.214664525068524e-05
1813 6.214664525068524e-05
1814 6.214664525068524e-05
1815 6.214664525068524e-05
1816 6.214664525068524e-05
1817 6.214664525068524e-05
1818 6.214664525068524e-05
1819 6.214664525068524e-05
1820 6.214664525068524e-05
1821 6.214664525068524e-05
1822 6.214664525068524e-05
1823 6.214664525068524e-05
1824 6.214664525068524e-05
1825 6.214664525068524e-05
1826 6.214664525068524e-05
1827 6.214664525068524e-05
1828 6.214664525068524e-05
1829 6.214664525068524e-05
1830 6.214664525068524e-05
1831 6.214664525068524e-05
1832 6.214664525068524e-05
1833 6.214664525068524e-05
1834 6.214664525068524e-05
1835 6.214664525068524e-05
1836 6.214664525068524e-05
1837 6.214664525068524e-05
1838 6.214664525068524e-05
1839 6.214664525068524e-05
1840 6.214664525068524e-05
1841 6.214664525068524e-05
1842 6.214664525068524e-05
1843 6.214664525068524e-05
1844 6.214664525068524e-05
1845 6.214664525068524e-05
1846 6.214664525068524e-05
1847 6.214664525068524e-05
1848 6.214664525068524e-05
1849 6.214664525068524e-05
1850 6.214664525068524e-05
1851 6.214664525068524e-05
1852 6.214664525068524e-05
1853 6.214664525068524e-05
1854 6.214664525068524e-05
1855 6.214664525068524e-05
1856 6.214664525068524e-05
1857 6.214664525068524e-05
1858 6.214664525068524e-05
1859 6.214664525068524e-05
1860 6.214664525068524e-05
1861 6.214664525068524e-05
1862 6.214664525068524e-05
1863 6.214664525068524e-05
1864 6.214664525068524e-05
1865 6.214664525068524e-05
1866 6.214664525068524e-05
1867 6.214664525068524e-05
1868 6.214664525068524e-05
1869 6.214664525068524e-05
1870 6.214664525068524e-05
1871 6.214664525068524e-05
1872 6.214664525068524e-05
1873 6.214664525068524e-05
1874 6.214664525068524e-05
1875 6.214664525068524e-05
1876 6.214664525068524e-05
1877 6.214664525068524e-05
1878 6.214664525068524e-05
1879 6.214664525068524e-05
1880 6.214664525068524e-05
1881 6.214664525068524e-05
1882 6.214664525068524e-05
1883 6.214664525068524e-05
1884 6.214664525068524e-05
1885 6.214664525068524e-05
1886 6.214664525068524e-05
1887 6.214664525068524e-05
1888 6.214664525068524e-05
1889 6.214664525068524e-05
1890 6.214664525068524e-05
1891 6.214664525068524e-05
1892 6.214664525068524e-05
1893 6.214664525068524e-05
1894 6.214664525068524e-05
1895 6.214664525068524e-05
1896 6.214664525068524e-05
1897 6.214664525068524e-05
1898 6.214664525068524e-05
1899 6.214664525068524e-05
1900 6.214664525068524e-05
1901 6.214664525068524e-05
1902 6.214664525068524e-05
1903 6.214664525068524e-05
1904 6.214664525068524e-05
1905 6.214664525068524e-05
1906 6.214664525068524e-05
1907 6.214664525068524e-05
1908 6.214664525068524e-05
1909 6.214664525068524e-05
1910 6.214664525068524e-05
1911 6.214664525068524e-05
1912 6.214664525068524e-05
1913 6.214664525068524e-05
1914 6.214664525068524e-05
1915 6.214664525068524e-05
1916 6.214664525068524e-05
1917 6.214664525068524e-05
1918 6.214664525068524e-05
1919 6.214664525068524e-05
1920 6.214664525068524e-05
1922 6.214664525068524e-05
1923 6.214664525068524e-05
1925 6.214664525068524e-05
1928 6.214664525068524e-05
1929 6.214664525068524e-05
1930 6.214664525068524e-05
1931 6.214664525068524e-05
1932 6.214664525068524e-05
1933 6.214664525068524e-05
1934 6.214664525068524e-05
1935 6.214664525068524e-05
1936 6.214664525068524e-05
1937 6.214664525068524e-05
1938 6.214664525068524e-05
1939 6.214664525068524e-05
1940 6.214664525068524e-05
1941 6.214664525068524e-05
1942 6.214664525068524e-05
1943 6.214664525068524e-05
1944 6.214664525068524e-05
1945 6.214664525068524e-05
1946 6.214664525068524e-05
1947 6.214664525068524e-05
1948 6.214664525068524e-05
1949 6.214664525068524e-05
1950 6.214664525068524e-05
1951 6.214664525068524e-05
1952 6.214664525068524e-05
1953 6.214664525068524e-05
1954 6.214664525068524e-05
1955 6.214664525068524e-05
1956 6.214664525068524e-05
1957 6.214664525068524e-05
1958 6.214664525068524e-05
1959 6.214664525068524e-05
1960 6.214664525068524e-05
1961 6.214664525068524e-05
1962 6.214664525068524e-05
1963 6.214664525068524e-05
1964 6.214664525068524e-05
1965 6.214664525068524e-05
1966 6.214664525068524e-05
1967 6.214664525068524e-05
1968 6.214664525068524e-05
1969 6.214664525068524e-05
1970 6.214664525068524e-05
1971 6.214664525068524e-05
1972 6.214664525068524e-05
1973 6.214664525068524e-05
1974 6.214664525068524e-05
1975 6.214664525068524e-05
1976 6.214664525068524e-05
1977 6.214664525068524e-05
1978 6.214664525068524e-05
1979 6.214664525068524e-05
1980 6.214664525068524e-05
1981 6.214664525068524e-05
1982 6.214664525068524e-05
1983 6.214664525068524e-05
1984 6.214664525068524e-05
1985 6.214664525068524e-05
1986 6.214664525068524e-05
1987 6.214664525068524e-05
1988 6.214664525068524e-05
1989 6.214664525068524e-05
1990 6.214664525068524e-05
1991 6.214664525068524e-05
1992 6.214664525068524e-05
1993 6.214664525068524e-05
1994 6.214664525068524e-05
1995 6.214664525068524e-05
1996 6.214664525068524e-05
1997 6.214664525068524e-05
1998 6.214664525068524e-05
1999 6.214664525068524e-05
2000 6.214664525068524e-05
2001 6.214664525068524e-05
2002 6.214664525068524e-05
2003 6.214664525068524e-05
2004 6.214664525068524e-05
2005 6.214664525068524e-05
2006 6.214664525068524e-05
2007 6.214664525068524e-05
2008 6.214664525068524e-05
2009 6.214664525068524e-05
2011 6.214664525068524e-05
2012 6.214664525068524e-05
2013 6.214664525068524e-05
2014 6.214664525068524e-05
2015 6.214664525068524e-05
2016 6.214664525068524e-05
2017 6.214664525068524e-05
2018 6.214664525068524e-05
2019 6.214664525068524e-05
2020 6.214664525068524e-05
2021 6.214664525068524e-05
2022 6.214664525068524e-05
2023 6.214664525068524e-05
2024 6.214664525068524e-05
2025 6.214664525068524e-05
2026 6.214664525068524e-05
2027 6.214664525068524e-05
2028 6.214664525068524e-05
2029 6.214664525068524e-05
2030 6.214664525068524e-05
2031 6.214664525068524e-05
2032 6.214664525068524e-05
2033 6.214664525068524e-05
2034 6.214664525068524e-05
2035 6.214664525068524e-05
2036 6.214664525068524e-05
2037 6.214664525068524e-05
2038 6.214664525068524e-05
2039 6.214664525068524e-05
2040 6.214664525068524e-05
2041 6.214664525068524e-05
2042 6.214664525068524e-05
2043 6.214664525068524e-05
2044 6.214664525068524e-05
2045 6.214664525068524e-05
2046 6.214664525068524e-05
2047 6.214664525068524e-05
2048 6.214664525068524e-05
2049 6.214664525068524e-05
2050 6.214664525068524e-05
2051 6.214664525068524e-05
2052 6.214664525068524e-05
2053 6.214664525068524e-05
2054 6.214664525068524e-05
2055 6.214664525068524e-05
2056 6.214664525068524e-05
2057 6.214664525068524e-05
2058 6.214664525068524e-05
2059 6.214664525068524e-05
2060 6.214664525068524e-05
2061 6.214664525068524e-05
2062 6.214664525068524e-05
2063 6.214664525068524e-05
2064 6.214664525068524e-05
2065 6.214664525068524e-05
2066 6.214664525068524e-05
2067 6.214664525068524e-05
2068 6.214664525068524e-05
2069 6.214664525068524e-05
2070 6.214664525068524e-05
2071 6.214664525068524e-05
2072 6.214664525068524e-05
2073 6.214664525068524e-05
2074 6.214664525068524e-05
2075 6.214664525068524e-05
2076 6.214664525068524e-05
2077 6.214664525068524e-05
2078 6.214664525068524e-05
2079 6.214664525068524e-05
2080 6.214664525068524e-05
2081 6.214664525068524e-05
2082 6.214664525068524e-05
2083 6.214664525068524e-05
2084 6.214664525068524e-05
2085 6.214664525068524e-05
2086 6.214664525068524e-05
2087 6.214664525068524e-05
2088 6.214664525068524e-05
2089 6.214664525068524e-05
2090 6.214664525068524e-05
2091 6.214664525068524e-05
2092 6.214664525068524e-05
2093 6.214664525068524e-05
2094 6.214664525068524e-05
2095 6.214664525068524e-05
2096 6.214664525068524e-05
2097 6.214664525068524e-05
2098 6.214664525068524e-05
2099 6.214664525068524e-05
2100 6.214664525068524e-05
2101 6.214664525068524e-05
2102 6.214664525068524e-05
2103 6.214664525068524e-05
2104 6.214664525068524e-05
2105 6.214664525068524e-05
2106 6.214664525068524e-05
2107 6.214664525068524e-05
2108 6.214664525068524e-05
2109 6.214664525068524e-05
2110 6.214664525068524e-05
2111 6.214664525068524e-05
2112 6.214664525068524e-05
2113 6.214664525068524e-05
2114 6.214664525068524e-05
2115 6.214664525068524e-05
2116 6.214664525068524e-05
2117 6.214664525068524e-05
2118 6.214664525068524e-05
2119 6.214664525068524e-05
2120 6.214664525068524e-05
2121 6.214664525068524e-05
2122 6.214664525068524e-05
2123 6.214664525068524e-05
2124 6.214664525068524e-05
2125 6.214664525068524e-05
2126 6.214664525068524e-05
2127 6.214664525068524e-05
2128 6.214664525068524e-05
2129 6.214664525068524e-05
2130 6.214664525068524e-05
2131 6.214664525068524e-05
2132 6.214664525068524e-05
2133 6.214664525068524e-05
2134 6.214664525068524e-05
2135 6.214664525068524e-05
2136 6.214664525068524e-05
2137 6.214664525068524e-05
2138 6.214664525068524e-05
2139 6.214664525068524e-05
2140 6.214664525068524e-05
2141 6.214664525068524e-05
2142 6.214664525068524e-05
2143 6.214664525068524e-05
2144 6.214664525068524e-05
2145 6.214664525068524e-05
2146 6.214664525068524e-05
2147 6.214664525068524e-05
2148 6.214664525068524e-05
2150 6.214664525068524e-05
2151 6.214664525068524e-05
2152 6.214664525068524e-05
2153 6.214664525068524e-05
2154 6.214664525068524e-05
2155 6.214664525068524e-05
2156 6.214664525068524e-05
2157 6.214664525068524e-05
2158 6.214664525068524e-05
2159 6.214664525068524e-05
2160 6.214664525068524e-05
2161 6.214664525068524e-05
2162 6.214664525068524e-05
2163 6.214664525068524e-05
2164 6.214664525068524e-05
2165 6.214664525068524e-05
2167 6.214664525068524e-05
2168 6.214664525068524e-05
2169 6.214664525068524e-05
2170 6.214664525068524e-05
2171 6.214664525068524e-05
2172 6.214664525068524e-05
2173 6.214664525068524e-05
2174 6.214664525068524e-05
2176 6.214664525068524e-05
2177 6.214664525068524e-05
2178 6.214664525068524e-05
2180 6.214664525068524e-05
2181 6.214664525068524e-05
2183 6.214664525068524e-05
2185 6.214664525068524e-05
2186 6.214664525068524e-05
2187 6.214664525068524e-05
2188 6.214664525068524e-05
2189 6.214664525068524e-05
2190 6.214664525068524e-05
2191 6.214664525068524e-05
2192 6.214664525068524e-05
2193 6.214664525068524e-05
2194 6.214664525068524e-05
2195 6.214664525068524e-05
2196 6.214664525068524e-05
2197 6.214664525068524e-05
2198 6.214664525068524e-05
2199 6.214664525068524e-05
2200 6.214664525068524e-05
2201 6.214664525068524e-05
2202 6.214664525068524e-05
2203 6.214664525068524e-05
2204 6.214664525068524e-05
2205 6.214664525068524e-05
2206 6.214664525068524e-05
2207 6.214664525068524e-05
2208 6.214664525068524e-05
2209 6.214664525068524e-05
2210 6.214664525068524e-05
2211 6.214664525068524e-05
2212 6.214664525068524e-05
2213 6.214664525068524e-05
2214 6.214664525068524e-05
2215 6.214664525068524e-05
2216 6.214664525068524e-05
2217 6.214664525068524e-05
2218 6.214664525068524e-05
2219 6.214664525068524e-05
2220 6.214664525068524e-05
2221 6.214664525068524e-05
2222 6.214664525068524e-05
2223 6.214664525068524e-05
2224 6.214664525068524e-05
2225 6.214664525068524e-05
2226 6.214664525068524e-05
2227 6.214664525068524e-05
2228 6.214664525068524e-05
2229 6.214664525068524e-05
2230 6.214664525068524e-05
2231 6.214664525068524e-05
2232 6.214664525068524e-05
2233 6.214664525068524e-05
2234 6.214664525068524e-05
2235 6.214664525068524e-05
2236 6.214664525068524e-05
2237 6.214664525068524e-05
2238 6.214664525068524e-05
2239 6.214664525068524e-05
2240 6.214664525068524e-05
2241 6.214664525068524e-05
2242 6.214664525068524e-05
2243 6.214664525068524e-05
2244 6.214664525068524e-05
2245 6.214664525068524e-05
2246 6.214664525068524e-05
2247 6.214664525068524e-05
2248 6.214664525068524e-05
2249 6.214664525068524e-05
2250 6.214664525068524e-05
2251 6.214664525068524e-05
2252 6.214664525068524e-05
2253 6.214664525068524e-05
2254 6.214664525068524e-05
2255 6.214664525068524e-05
2256 6.214664525068524e-05
2257 6.214664525068524e-05
2258 6.214664525068524e-05
2259 6.214664525068524e-05
2260 6.214664525068524e-05
2261 6.214664525068524e-05
2262 6.214664525068524e-05
2263 6.214664525068524e-05
2264 6.214664525068524e-05
2265 6.214664525068524e-05
2266 6.214664525068524e-05
2267 6.214664525068524e-05
2268 6.214664525068524e-05
2269 6.214664525068524e-05
2270 6.214664525068524e-05
2271 6.214664525068524e-05
2272 6.214664525068524e-05
2273 6.214664525068524e-05
2274 6.214664525068524e-05
2275 6.214664525068524e-05
2276 6.214664525068524e-05
2277 6.214664525068524e-05
2278 6.214664525068524e-05
2279 6.214664525068524e-05
2280 6.214664525068524e-05
2281 6.214664525068524e-05
2282 6.214664525068524e-05
2283 6.214664525068524e-05
2284 6.214664525068524e-05
2285 6.214664525068524e-05
2286 6.214664525068524e-05
2287 6.214664525068524e-05
2288 6.214664525068524e-05
2289 6.214664525068524e-05
2290 6.214664525068524e-05
2291 6.214664525068524e-05
2292 6.214664525068524e-05
2293 6.214664525068524e-05
2294 6.214664525068524e-05
2295 6.214664525068524e-05
2296 6.214664525068524e-05
2297 6.214664525068524e-05
2298 6.214664525068524e-05
2299 6.214664525068524e-05
2300 6.214664525068524e-05
2301 6.214664525068524e-05
2302 6.214664525068524e-05
2303 6.214664525068524e-05
2304 6.214664525068524e-05
2305 6.214664525068524e-05
2306 6.214664525068524e-05
2307 6.214664525068524e-05
2308 6.214664525068524e-05
2309 6.214664525068524e-05
2310 6.214664525068524e-05
2311 6.214664525068524e-05
2312 6.214664525068524e-05
2313 6.214664525068524e-05
2314 6.214664525068524e-05
2315 6.214664525068524e-05
2316 6.214664525068524e-05
2317 6.214664525068524e-05
2318 6.214664525068524e-05
2319 6.214664525068524e-05
2320 6.214664525068524e-05
2321 6.214664525068524e-05
2322 6.214664525068524e-05
2323 6.214664525068524e-05
2324 6.214664525068524e-05
2325 6.214664525068524e-05
2326 6.214664525068524e-05
2327 6.214664525068524e-05
2328 6.214664525068524e-05
2329 6.214664525068524e-05
2330 6.214664525068524e-05
2331 6.214664525068524e-05
2332 6.214664525068524e-05
2333 6.214664525068524e-05
2334 6.214664525068524e-05
2335 6.214664525068524e-05
2336 6.214664525068524e-05
2337 6.214664525068524e-05
2338 6.214664525068524e-05
2339 6.214664525068524e-05
2340 6.214664525068524e-05
2341 6.214664525068524e-05
2342 6.214664525068524e-05
2343 6.214664525068524e-05
2344 6.214664525068524e-05
2345 6.214664525068524e-05
2346 6.214664525068524e-05
2347 6.214664525068524e-05
2348 6.214664525068524e-05
2349 6.214664525068524e-05
2350 6.214664525068524e-05
2351 6.214664525068524e-05
2352 6.214664525068524e-05
2353 6.214664525068524e-05
2354 6.214664525068524e-05
2355 6.214664525068524e-05
2356 6.214664525068524e-05
2357 6.214664525068524e-05
2358 6.214664525068524e-05
2359 6.214664525068524e-05
2360 6.214664525068524e-05
2361 6.214664525068524e-05
2362 6.214664525068524e-05
2363 6.214664525068524e-05
2364 6.214664525068524e-05
2365 6.214664525068524e-05
2366 6.214664525068524e-05
2367 6.214664525068524e-05
2368 6.214664525068524e-05
2369 6.214664525068524e-05
2370 6.214664525068524e-05
2371 6.214664525068524e-05
2372 6.214664525068524e-05
2373 6.214664525068524e-05
2374 6.214664525068524e-05
2376 6.214664525068524e-05
2377 6.214664525068524e-05
2378 6.214664525068524e-05
2379 6.214664525068524e-05
2380 6.214664525068524e-05
2381 6.214664525068524e-05
2382 6.214664525068524e-05
2383 6.214664525068524e-05
2384 6.214664525068524e-05
2385 6.214664525068524e-05
2386 6.214664525068524e-05
2387 6.214664525068524e-05
2388 6.214664525068524e-05
2389 6.214664525068524e-05
2390 6.214664525068524e-05
2391 6.214664525068524e-05
2392 6.214664525068524e-05
2393 6.214664525068524e-05
2394 6.214664525068524e-05
2395 6.214664525068524e-05
2396 6.214664525068524e-05
2397 6.214664525068524e-05
2398 6.214664525068524e-05
2399 6.214664525068524e-05
2400 6.214664525068524e-05
2401 6.214664525068524e-05
2402 6.214664525068524e-05
2403 6.214664525068524e-05
2404 6.214664525068524e-05
2405 6.214664525068524e-05
2406 6.214664525068524e-05
2407 6.214664525068524e-05
2408 6.214664525068524e-05
2409 6.214664525068524e-05
2410 6.214664525068524e-05
2411 6.214664525068524e-05
2412 6.214664525068524e-05
2413 6.214664525068524e-05
2414 6.214664525068524e-05
2415 6.214664525068524e-05
2416 6.214664525068524e-05
2417 6.214664525068524e-05
2418 6.214664525068524e-05
2419 6.214664525068524e-05
2420 6.214664525068524e-05
2421 6.214664525068524e-05
2422 6.214664525068524e-05
2423 6.214664525068524e-05
2424 6.214664525068524e-05
2425 6.214664525068524e-05
2426 6.214664525068524e-05
2427 6.214664525068524e-05
2428 6.214664525068524e-05
2429 6.214664525068524e-05
2430 6.214664525068524e-05
2431 6.214664525068524e-05
2432 6.214664525068524e-05
2433 6.214664525068524e-05
2434 6.214664525068524e-05
2435 6.214664525068524e-05
2436 6.214664525068524e-05
2437 6.214664525068524e-05
2438 6.214664525068524e-05
2439 6.214664525068524e-05
2440 6.214664525068524e-05
257 0.0005347660766557553
1746 0.0005600751870842208
1739 0.0006171440605856485
414 0.0006672626177448394
2175 0.0006820426183373935
404 0.0007022968146870702
418 0.0009887724902517964
250 0.0009964296841199248
251 0.0009964296841199248
1767 0.0010870830686654188
397 0.001138142009189068
1747 0.0011716391508048566
1408 0.0011725929570632451
246 0.0011821266734434591
2179 0.0012721183221842223
471 0.0012787418509766163
1406 0.0012896471401047554
1409 0.0013233928669324033
420 0.0013887579405710987
1771 0.0013950985527423135
882 0.001399478315633352
1413 0.0014224505261783702
405 0.0014801917674685835
249 0.0016220750790217275
1431 0.0016315191321240581
1397 0.0016536627977586005
256 0.0016680602388512086
1687 0.001675972743554755
1730 0.0016929296548765084
248 0.0017364630816647864
462 0.0017621837319536967
1750 0.0018017514787647653
884 0.0018690416710804775
1704 0.001874575876255602
1759 0.0018909834815518257
76 0.0019182881896256125
1 0.0019999495831243153
422 0.002008361873714519
1770 0.002011129520896103
1101 0.0020736262569591717
267 0.002094274835159769
2184 0.0020972968422439974
1580 0.002113733020492835
1764 0.0021416064160810623
1059 0.0022482410723053806
1579 0.0022508726291621327
235 0.0023136181233459896
62 0.0023136881417518155
2182 0.0024119407618150004
255 0.002429581426021576
2375 0.002445858977434855
181 0.002530099435816356
91 0.0026038586542396864
1753 0.002673058573014342
1423 0.0029054642102781833
283 0.002945765436510169
1427 0.002995027145705468
49 0.003136815678110279
1735 0.0032778302679973017
432 0.0033041217715217472
1680 0.0033114307557898437
396 0.0033366438147516986
26 0.0034196679494877032
145 0.003422402216436031
220 0.0034537272544860565
83 0.003559476523498984
1618 0.003625682816187673
1047 0.003636238010146195
429 0.0036548003190738465
7 0.0036894726606372277
1414 0.003755261714018187
1927 0.003760242581175556
696 0.003809259377569174
16 0.0039014564528895316
457 0.003951607766596808
1729 0.003960341734632507
461 0.004000059913044279
54 0.004007956144731261
85 0.004052333698986446
770 0.0041735191621580705
783 0.004184356254255474
303 0.004227904850965288
1425 0.004236714822977001
805 0.004295108953922282
1698 0.0043627899621958175
243 0.004396828651696421
839 0.004420151413743008
1386 0.00445078196435347
136 0.0044584852626945864
431 0.004524737331754465
670 0.004578382914002714
1391 0.004637142740290008
1062 0.004732868141674425
1582 0.004827156524637562
361 0.005042547161190575
308 0.005063438697660527
2166 0.005341688292284312
340 0.0053432833454720025
52 0.00548921059932054
1250 0.0055506129047725545
53 0.005593681768687226
355 0.0057971790945707214
718 0.006144365672412145
883 0.006377296350575721
1921 0.006614854296511483
1421 0.006906543285324156
812 0.007003098661434879
799 0.00701887711292215
970 0.007154436614808257
98 0.007207735037923503
1057 0.007217471689024163
1381 0.007815334399077766
881 0.007907444703742118
309 0.007978693024239269
1422 0.008021890834436628
732 0.008033497669079811
535 0.008155453475891186
148 0.00823890850349881
1388 0.008427548019132279
567 0.008488321661607947
1924 0.008701357105978014
2010 0.008879227113748056
587 0.009115726767755933
135 0.009117617443002265
876 0.009439998145845428
802 0.009613481222795291
1430 0.009680108610711058
2149 0.009918913674520236
721 0.00994225792364753
1373 0.010231932499377663
1456 0.010272043223810095
1322 0.01059361446479303
137 0.010648711723185121
95 0.010678741924115586
1448 0.010791136352019975
1595 0.011504968771312744
20 0.011722881268347394
880 0.012106015028455756
130 0.012599904494075297
1926 0.012682689035869478
575 0.012918604426267062
1584 0.013460336819979896
46 0.013943779505323205
507 0.013967633099106236
124 0.014016292213580243
1607 0.014569958839521576
878 0.01594891433521035
1438 0.01626397609933453
570 0.016480818502320957
1441 0.01651665307935633
870 0.0183460189620506
1107 0.01952925847543155
1178 0.02092274701164481
1213 0.021125892431799128
