0 0.007285869109602299
1 0.007285869109602299
2 0.007285869109602299
3 0.007285869109602299
5 0.007285869109602299
6 0.007285869109602299
7 0.007285869109602299
8 0.007285869109602299
9 0.007285869109602299
11 0.007285869109602299
12 0.007285869109602299
13 0.007285869109602299
14 0.007285869109602299
16 0.007285869109602299
18 0.007285869109602299
19 0.007285869109602299
20 0.007285869109602299
22 0.007285869109602299
25 0.007285869109602299
26 0.007285869109602299
28 0.007285869109602299
30 0.007285869109602299
32 0.007285869109602299
36 0.007285869109602299
37 0.007285869109602299
38 0.007285869109602299
39 0.007285869109602299
41 0.007285869109602299
42 0.007285869109602299
43 0.007285869109602299
44 0.007285869109602299
45 0.007285869109602299
47 0.007285869109602299
50 0.007285869109602299
51 0.007285869109602299
52 0.007285869109602299
56 0.007285869109602299
57 0.007285869109602299
58 0.007285869109602299
59 0.007285869109602299
61 0.007285869109602299
62 0.007285869109602299
63 0.007285869109602299
64 0.007285869109602299
65 0.007285869109602299
66 0.007285869109602299
67 0.007285869109602299
69 0.007285869109602299
71 0.007285869109602299
72 0.007285869109602299
73 0.007285869109602299
74 0.007285869109602299
76 0.007285869109602299
77 0.007285869109602299
78 0.007285869109602299
79 0.007285869109602299
80 0.007285869109602299
81 0.007285869109602299
82 0.007285869109602299
83 0.007285869109602299
84 0.007285869109602299
85 0.007285869109602299
87 0.007285869109602299
88 0.007285869109602299
89 0.007285869109602299
90 0.007285869109602299
91 0.007285869109602299
92 0.007285869109602299
93 0.007285869109602299
94 0.007285869109602299
95 0.007285869109602299
96 0.007285869109602299
97 0.007285869109602299
98 0.007285869109602299
99 0.007285869109602299
100 0.007285869109602299
101 0.007285869109602299
102 0.007285869109602299
103 0.007285869109602299
104 0.007285869109602299
105 0.007285869109602299
106 0.007285869109602299
10 0.00817058379171629
33 0.00817058379171629
40 0.00817058379171629
86 0.00817058379171629
23 0.00831803623873529
24 0.00831803623873529
29 0.00831803623873529
54 0.00831803623873529
68 0.009350203367868279
70 0.009350203367868279
75 0.009350203367868279
15 0.009711164026887919
35 0.009711164026887919
60 0.010234918049982271
27 0.01038237049700127
53 0.011413123932691322
21 0.01347887188440024
48 0.01347887188440024
107 0.01347887188440024
46 0.013838418849976943
55 0.014511039013533232
4 0.020963547162555753
49 0.02427355676195536
17 0.032182662861791056
34 0.05488983721328894
31 0.056005224737447845
